2_18_10 2, 10
4_6_04 4, 12, 16, 8
5_13_08 8, 16, 4, 12, 5
4_27_14 10, 2, 6, 14
5_10_18 12, 4, 8, 16, 9
4_5_14 9, 1, 5, 13
5_12_04 5, 13, 1, 9, 10
3_14_20 10, 2, 6
3_31_08 8, 16, 12
1_10_16 7
1_19_12 15
2_25_02 4, 12
2_19_04 3, 11
4_9_04 5, 13, 1, 9
5_29_14 11, 3, 7, 15, 8
4_5_10 7, 15, 3, 11
1_10_20 9
1_21_16 10
6_29_16 12, 4, 8, 16, 9, 1
1_25_18 12
6_18_04 3, 11, 15, 7, 16, 8
7_29_00 4, 12, 16, 8, 1, 9, 13
5_23_02 3, 11, 15, 7, 12
1_17_20 11
6_28_06 6, 14, 2, 10, 3, 11
2_10_22 10, 2
7_1_06 4, 12, 16, 8, 5, 13, 1
5_24_14 9, 1, 5, 13, 14
5_25_02 4, 12, 16, 8, 5
7_18_04 3, 11, 15, 7, 16, 8, 12
6_2_16 9, 1, 5, 13, 6, 14
6_3_10 6, 14, 2, 10, 7, 15
6_1_14 8, 16, 4, 12, 9, 1
8_23_12 8, 16, 4, 12, 9, 1, 5, 13
8_26_16 11, 3, 7, 15, 12, 4, 8, 16
2_9_14 10, 2
1_23_12 16
6_2_08 5, 13, 1, 9, 2, 10
1_19_04 11
5_28_16 11, 3, 7, 15, 16
4_26_04 5, 13, 1, 9
8_19_12 7, 15, 3, 11, 8, 16, 4, 12
3_9_02 4, 12, 16
1_14_08 4
1_23_06 13
6_9_02 4, 12, 16, 8, 5, 13
8_3_16 9, 1, 5, 13, 10, 2, 6, 14
2_7_06 5, 13
3_19_18 10, 2, 14
4_10_12 9, 1, 5, 13
5_9_14 10, 2, 6, 14, 11
3_17_22 12, 4, 8
5_26_12 9, 1, 5, 13, 6
6_23_06 5, 13, 1, 9, 6, 14
5_14_18 13, 5, 9, 1, 6
7_25_20 13, 5, 9, 1, 14, 6, 10
5_19_18 10, 2, 6, 14, 3
6_25_02 4, 12, 16, 8, 5, 13
2_10_02 16, 8
5_29_12 10, 2, 6, 14, 7
1_22_06 1
2_14_08 4, 12
3_6_14 5, 13, 1
1_3_22 4
4_28_22 14, 6, 10, 2
3_13_18 13, 5, 9
1_7_20 4
4_4_22 12, 4, 8, 16
6_11_18 12, 4, 8, 16, 13, 5
2_8_06 1, 9
6_13_10 9, 1, 5, 13, 6, 14
3_16_20 10, 2, 14
7_15_20 14, 6, 10, 2, 3, 11, 15
2_1_22 12, 4
4_17_06 4, 12, 16, 8
6_8_10 7, 15, 3, 11, 4, 12
4_13_14 11, 3, 7, 15
7_29_14 11, 3, 7, 15, 8, 16, 4
5_22_20 12, 4, 8, 16, 9
4_14_08 8, 16, 4, 12
6_9_20 13, 5, 9, 1, 14, 6
8_13_12 10, 2, 6, 14, 7, 15, 3, 11
6_14_00 4, 12, 16, 8, 13, 5
8_8_08 6, 14, 2, 10, 7, 15, 3, 11
4_21_18 11, 3, 7, 15
2_28_22 10, 2
3_15_00 4,12, 8
1_12_06 10
3_13_12 10, 2, 6
6_12_08 7, 15, 3, 11, 4, 12
4_12_14 10, 2, 6, 14
6_29_12 10, 2, 6, 14, 7, 15
1_2_10 2
4_15_12 10, 2, 6, 14
1_16_22 3
6_9_12 9, 1, 5, 13, 10, 2
3_10_04 1, 9, 13
8_27_04 5, 13, 1, 9, 6, 14, 2, 10
4_18_18 10, 2, 6, 14
8_18_10 6, 14, 2, 10, 7, 15, 3, 11
1_13_06 7
2_25_00 3, 11
6_3_18 10, 2, 6, 14, 11, 3
2_18_00 13, 5
7_13_06 7, 15, 3, 11, 4, 12, 16
2_30_18 9, 1
3_19_00 1, 9, 5
3_8_22 9, 1, 13
7_22_12 8, 16, 4, 12, 5, 13, 1
3_11_12 9, 1, 13
7_11_16 11, 3, 7, 15, 4, 12, 16
4_23_22 13, 5, 9, 1
1_9_08 7
2_19_22 12, 4
5_29_06 7, 15, 3, 11, 4
5_9_12 9, 1, 5, 13, 10
4_2_04 3, 11, 15, 7
4_28_14 10, 2, 6, 14
1_23_16 2
7_18_18 10, 2, 6, 14, 7, 15, 3
2_10_14 6, 14
1_8_08 10
4_3_20 11, 3, 7, 15
3_20_12 3, 11, 7
2_5_14 9, 1
1_4_06 8
4_22_06 5, 13, 1, 9
3_10_08 3, 11, 15
3_2_08 1, 9, 13
3_24_20 8, 16, 12
7_16_00 4, 12, 16, 8, 5, 13, 1
2_10_20 9, 1
1_25_00 3
4_21_00 2, 10, 14, 6
2_28_12 5, 13
8_18_18 10, 2, 6, 14, 11, 3, 7, 15
4_30_20 14, 6, 10, 2
3_22_14 5, 13, 1
3_11_06 6, 14, 10
1_9_12 9
8_18_16 9, 1, 5, 13, 10, 2, 6, 14
4_18_20 11, 3, 7, 15
2_10_10 4, 12
1_5_20 12
3_21_14 9, 1, 5
8_11_20 13, 5, 9, 1, 14, 6, 10, 2
7_28_02 4, 12, 16, 8, 9, 1, 5
4_10_16 11, 3, 7, 15
1_31_10 1
7_10_02 4, 12, 16, 8, 1, 9, 13
6_17_12 7, 15, 3, 11, 8, 16
8_20_02 2, 10, 14, 6, 3, 11, 15, 7
2_15_10 9, 1
3_19_22 12, 4, 16
8_28_08 7, 15, 3, 11, 8, 16, 4, 12
5_13_06 7, 15, 3, 11, 4
6_31_16 12, 4, 8, 16, 9, 1
8_6_08 6, 14, 2, 10, 7, 15, 3, 11
5_22_00 2, 10, 14, 6, 15
4_9_18 12, 4, 8, 16
3_28_06 2, 10, 6
3_6_06 1, 9, 13
8_3_12 7, 15, 3, 11, 8, 16, 4, 12
4_21_04 4, 12, 16, 8
1_23_22 5
3_4_18 6, 14, 10
4_20_16 9, 1, 5, 13
5_17_18 10, 2, 6, 14, 11
1_20_02 6
3_14_18 9, 1, 5
8_23_06 5, 13, 1, 9, 6, 14, 2, 10
5_22_02 3, 11, 15, 7, 16
5_5_16 10, 2, 6, 14, 11
1_24_18 15
1_18_06 16
1_3_04 11
1_29_00 4
7_23_10 7, 15, 3, 11, 16, 8, 12
4_19_20 11, 3, 7, 15
3_1_16 9, 1, 5
2_30_06 3, 11
6_20_06 4, 12, 16, 8, 1, 9
1_4_22 16
2_18_18 6, 14
1_9_20 13
3_17_06 4, 12, 16
4_15_08 8, 16, 12
5_24_00 2, 10, 14, 6, 7
1_12_04 9
2_13_14 11, 3
4_24_04 4, 12, 16, 8
8_15_18 13, 5, 9, 1, 10, 2, 6, 14
4_13_18 13, 5, 9, 1
8_3_08 5, 13, 1, 9, 6, 14, 2, 10
3_13_16 12, 4, 8
7_24_12 8, 16, 4, 12, 13, 5, 9
2_7_04 4, 12
2_17_16 9, 1
7_17_20 11, 3, 7, 15, 12, 4, 8
7_2_22 12, 4, 8, 16, 9, 1, 5
4_14_02 5, 13, 1, 9
2_14_00 16, 8
8_15_00 4, 12, 16, 8, 1, 9, 13, 5
7_19_10 6, 14, 2, 10, 15, 7, 11
6_18_12 7, 15, 3, 11, 4, 12
2_18_02 14, 6
6_24_06 5, 13, 1, 9, 2, 10
5_7_20 12, 4, 8, 16, 5
1_17_12 7
8_5_12 8, 16, 4, 12, 9, 1, 5, 13
8_30_02 5, 13, 1, 9, 2, 10, 14, 6
4_28_16 11, 3, 7, 15
3_5_18 11, 3, 7
8_12_00 3, 11, 15, 7, 4, 12, 16, 8
8_25_04 5, 13, 1, 9, 6, 14, 2, 10
8_10_16 11, 3, 7, 15, 12, 4, 8, 16
8_7_20 12, 4, 8, 16, 13, 5, 9, 1
8_9_16 11, 3, 7, 15, 12, 4, 8, 16
2_24_02 15, 7
1_18_10 2
1_31_14 3
6_16_20 14, 6, 10, 2, 7, 15
4_7_00 2, 10, 14, 6
6_21_04 4, 12, 16, 8, 5, 13
8_10_10 8, 16, 4, 12, 9, 1, 5, 13
1_30_20 10
6_22_18 11, 3, 7, 15, 8, 16
7_5_00 2, 10, 14, 6, 3, 11, 15
7_17_16 9, 1, 5, 13, 10, 2, 6
7_10_20 13, 5, 9, 1, 10, 2, 6
6_14_04 6, 14, 2, 10, 15, 7
1_20_16 13
4_16_12 10, 2, 6, 14
2_25_22 14, 6
2_7_20 12, 4
1_14_02 1
7_23_22 13, 5, 9, 1, 6, 14, 2
3_8_06 1, 9, 5
1_3_12 15
5_9_04 5, 13, 1, 9, 6
4_28_10 8, 16, 4, 12
3_9_18 12, 4, 8
3_21_12 8, 16, 4
7_9_00 3, 11, 15, 7, 4, 12, 16
5_2_20 11, 3, 7, 15, 8
3_21_10 7, 15, 3
1_5_16 10
8_8_20 12, 4, 8, 16, 13, 5, 9, 1
4_13_08 8, 16, 4, 12
2_14_22 11, 3
1_7_22 5
1_24_22 1
2_12_14 6, 14
1_25_16 11
1_22_12 4
4_26_06 6, 14, 2, 10
6_23_22 13, 5, 9, 1, 14, 6
5_2_14 8, 16, 4, 12, 5
6_31_20 14, 6, 10, 2, 11, 3
6_19_20 11, 3, 7, 15, 12, 4
5_2_22 12, 4, 8, 16, 9
5_4_10 6, 14, 2, 10, 11
4_22_02 3, 11, 15, 7
6_4_10 6, 14, 2, 10, 3, 11
8_28_04 5, 13, 1, 9, 6, 14, 2, 10
2_25_10 8, 16
2_12_12 5, 13
4_20_14 8, 16, 4, 12
1_30_18 9
7_13_12 10, 2, 6, 14, 7, 15, 3
5_5_12 8, 16, 4, 12, 9
5_19_00 1, 9, 13, 5, 10
4_4_18 10, 2, 6, 14
4_1_22 12, 4, 8, 16
1_16_02 9
4_8_14 9, 1, 5, 13
2_31_14 11, 3
2_24_14 5, 13
7_7_08 6, 14, 2, 10, 15, 7, 11
8_11_18 12, 4, 8, 16, 13, 5, 9, 1
7_2_20 11, 3, 7, 15, 8, 16, 4
3_30_20 10, 2, 6
2_16_10 5, 13
3_10_22 10, 2, 6
6_30_18 13, 5, 9, 1, 6, 14
4_16_20 14, 6, 10, 2
4_30_12 10, 2, 6, 14
4_4_04 3, 11, 15, 7
8_29_00 4, 12, 16, 8, 1, 9, 13, 5
7_15_16 12, 4, 8, 16, 1, 9, 13
5_7_06 5, 13, 1, 9, 14
7_5_06 5, 13, 1, 9, 6, 14, 2
3_6_02 15, 7, 11
7_8_10 7, 15, 3, 11, 12, 4, 8
3_28_00 15, 7, 3
4_8_20 12, 4, 8, 16
1_8_02 7
