5_21_14 9, 1, 5, 13, 10
1_25_22 14
2_3_04 3, 11
1_31_04 14
4_17_22 12, 4, 8, 16
7_17_08 5, 13, 1, 9, 6, 14, 2
1_5_04 4
1_6_10 3
8_2_18 10, 2, 6, 14, 11, 3, 7, 15
7_11_22 14, 6, 10, 2, 7, 15, 3
4_8_00 2, 10, 14, 6
1_14_12 6
6_8_14 9, 1, 5, 13, 6, 14
2_5_00 2, 10
8_23_20 12, 4, 8, 16, 13, 5, 9, 1
6_19_00 1, 9, 13, 5, 2, 10
1_7_04 12
2_22_02 15, 7
1_19_18 2
8_17_14 8, 16, 4, 12, 9, 1, 5, 13
1_12_00 7
8_31_22 15, 7, 11, 3, 12, 4, 8, 16
7_2_12 7, 15, 3, 11, 4, 12, 16
5_3_00 1, 9, 13, 5, 10
2_15_18 13, 5
3_28_06 2, 10, 6
7_28_16 11, 3, 7, 15, 16, 8, 12
7_2_08 5, 13, 1, 9, 2, 10, 14
4_18_16 9, 1, 5, 13
7_29_22 15, 7, 11, 3, 12, 4, 8
6_24_12 8, 16, 4, 12, 5, 13
8_3_18 10, 2, 6, 14, 11, 3, 7, 15
8_18_04 3, 11, 15, 7, 4, 12, 16, 8
8_6_22 13, 5, 9, 1, 14, 6, 10, 2
2_16_00 16, 8
1_14_22 11
4_9_02 4, 12, 16, 8
1_21_08 6
6_20_00 1, 9, 13, 5, 14, 6
8_27_22 14, 6, 10, 2, 15, 7, 11, 3
2_12_06 2, 10
6_14_18 13, 5, 9, 1, 6, 14
8_13_14 11, 3, 7, 15, 8, 16, 4, 12
7_18_12 7, 15, 3, 11, 4, 12, 16
1_22_22 9
2_16_18 9, 1
3_21_00 2, 10, 14
6_15_18 13, 5, 9, 1, 10, 2
7_29_08 8, 16, 4, 12, 5, 13, 1
2_16_08 4, 12
6_12_18 12, 4, 8, 16, 9, 1
2_6_20 8, 16
2_19_08 5, 13
6_4_20 11, 3, 7, 15, 8, 16
2_12_02 16, 8
7_11_10 8, 16, 4, 12, 1, 9, 13
1_15_06 15
5_9_08 7, 15, 3, 11, 8
6_31_14 11, 3, 7, 15, 8, 16
7_6_22 13, 5, 9, 1, 10, 2, 6
8_30_18 13, 5, 9, 1, 10, 2, 6, 14
7_16_16 12, 4, 8, 16, 13, 5, 9
8_22_02 3, 11, 15, 7, 4, 12, 16, 8
3_7_16 10, 2, 14
4_23_08 6, 14, 2, 10
6_2_22 12, 4, 8, 16, 9, 1
8_22_16 10, 2, 6, 14, 11, 3, 7, 15
7_20_10 6, 14, 2, 10, 11, 3, 7
8_7_04 4, 12, 16, 8, 5, 13, 1, 9
4_22_18 11, 3, 7, 15
2_16_16 8, 16
3_26_22 10, 2, 6
8_31_14 11, 3, 7, 15, 8, 16, 4, 12
1_27_00 11
3_20_18 6, 14, 10
4_28_16 11, 3, 7, 15
1_1_16 9
5_23_12 8, 16, 4, 12, 1
2_11_08 7, 15
3_18_18 6, 14, 2
6_6_08 6, 14, 2, 10, 3, 11
8_24_14 9, 1, 5, 13, 10, 2, 6, 14
7_7_04 4, 12, 16, 8, 13, 5, 9
1_30_10 5
7_4_20 11, 3, 7, 15, 16, 8, 12
2_23_18 11, 3
8_31_16 12, 4, 8, 16, 9, 1, 5, 13
6_8_16 10, 2, 6, 14, 7, 15
1_12_20 1
6_7_06 5, 13, 1, 9, 6, 14
6_21_22 13, 5, 9, 1, 14, 6
6_5_18 11, 3, 7, 15, 12, 4
6_6_18 11, 3, 7, 15, 8, 16
7_29_02 5, 13, 1, 9, 2, 10, 14
3_7_18 11, 3, 15
7_26_14 10, 2, 6, 14, 7, 15, 3
7_18_18 10, 2, 6, 14, 7, 15, 3
2_29_20 14, 6
7_16_12 10, 2, 6, 14, 11, 3, 7
8_14_04 6, 14, 2, 10, 3, 11, 15, 7
2_17_08 5, 13
3_24_14 5, 13, 9
1_29_06 7
7_12_12 9, 1, 5, 13, 14, 6, 10
1_12_10 12
7_6_08 6, 14, 2, 10, 3, 11, 15
6_19_18 10, 2, 6, 14, 11, 3
7_6_18 11, 3, 7, 15, 8, 16, 4
2_18_20 7, 15
8_28_10 8, 16, 4, 12, 9, 1, 5, 13
3_8_18 7, 15, 11
2_13_06 7, 15
1_14_06 3
2_18_16 5, 13
5_12_02 4, 12, 16, 8, 9
5_24_12 8, 16, 4, 12, 13
3_17_06 4, 12, 16
1_29_08 8
7_7_00 2, 10, 14, 6, 11, 3, 7
2_7_12 8, 16
2_13_10 9, 1
3_7_10 7, 15, 11
4_30_12 10, 2, 6, 14
1_11_02 12
3_28_02 16, 8, 4
8_23_02 3, 11, 15, 7, 4, 12, 16, 8
5_11_00 3, 11, 15, 7, 12
7_26_06 6, 14, 2, 10, 3, 11, 15
5_30_00 4, 12, 16, 8, 13
2_28_22 10, 2
8_11_00 3, 11, 15, 7, 4, 12, 16, 8
6_16_06 7, 15, 3, 11, 16, 8
8_30_02 5, 13, 1, 9, 2, 10, 14, 6
4_16_10 9, 1, 5, 13
6_26_00 3, 11, 15, 7, 16, 8
1_18_02 14
1_17_02 2
7_21_04 4, 12, 16, 8, 5, 13, 1
3_7_12 8, 16, 12
1_7_22 5
5_4_06 4, 12, 16, 8, 9
8_31_10 9, 1, 5, 13, 6, 14, 2, 10
1_24_10 11
4_5_22 13, 5, 9, 1
6_28_12 9, 1, 5, 13, 6, 14
7_20_06 4, 12, 16, 8, 9, 1, 5
8_16_02 5, 13, 1, 9, 2, 10, 14, 6
1_15_16 4
4_31_08 8, 16, 12
8_14_18 13, 5, 9, 1, 10, 2, 6, 14
1_24_00 6
3_5_12 8, 16, 4
3_31_00 4,12, 8
6_15_20 14, 6, 10, 2, 11, 3
5_3_18 10, 2, 6, 14, 3
6_8_08 6, 14, 2, 10, 3, 11
4_30_20 14, 6, 10, 2
5_11_04 5, 13, 1, 9, 14
7_26_10 8, 16, 4, 12, 5, 13, 1
1_28_20 1
4_1_00 1, 9, 13, 5
2_19_20 11, 3
5_22_20 12, 4, 8, 16, 9
3_24_10 3, 11, 7
3_6_20 8, 16, 4
8_18_02 2, 10, 14, 6, 3, 11, 15, 7
8_3_10 6, 14, 2, 10, 7, 15, 3, 11
5_1_08 5, 13, 1, 9, 6
2_23_06 5, 13
6_19_20 11, 3, 7, 15, 12, 4
7_20_02 2, 10, 14, 6, 7, 15, 3
4_20_02 2, 10, 14, 6
2_5_22 13, 5
2_20_02 14, 6
3_26_12 5, 13, 1
5_19_08 5, 13, 1, 9, 14
4_6_12 8, 16, 4, 12
1_7_06 13
4_26_02 4, 12, 16, 8
7_25_06 6, 14, 2, 10, 7, 15, 3
1_3_08 13
5_24_20 12, 4, 8, 16, 1
2_23_04 4, 12
3_31_08 8, 16, 12
4_18_20 11, 3, 7, 15
8_29_06 7, 15, 3, 11, 4, 12, 16, 8
5_2_14 8, 16, 4, 12, 5
4_14_00 4,12, 16, 8
4_9_04 5, 13, 1, 9
5_23_18 11, 3, 7, 15, 4
5_14_12 10, 2, 6, 14, 3
6_14_14 11, 3, 7, 15, 4, 12
5_13_22 15, 7, 11, 3, 12
5_31_06 7, 15, 3, 11, 12
1_6_02 15
3_19_10 6, 14, 10
2_6_14 5, 13
8_17_08 5, 13, 1, 9, 6, 14, 2, 10
8_22_12 8, 16, 4, 12, 9, 1, 5, 13
5_17_04 3, 11, 15, 7, 4
1_17_12 7
4_16_22 15, 7, 11, 3
7_21_08 6, 14, 2, 10, 7, 15, 3
1_1_04 3
3_31_12 10, 2, 14
7_28_22 14, 6, 10, 2, 3, 11, 15
6_24_00 2, 10, 14, 6, 15, 7
5_13_00 4, 12, 16, 8, 1
3_28_16 7, 15, 11
1_6_18 7
4_18_00 1, 9, 13, 5
1_7_10 15
7_15_08 8, 16, 4, 12, 13, 5, 9
6_24_16 10, 2, 6, 14, 7, 15
7_1_04 3, 11, 15, 7, 4, 12, 16
3_7_22 13, 5, 1
4_15_00 4,12, 16, 8
6_17_16 9, 1, 5, 13, 10, 2
5_28_04 5, 13, 1, 9, 10
7_19_14 8, 16, 4, 12, 1, 9, 13
1_13_06 7
8_31_20 14, 6, 10, 2, 11, 3, 7, 15
5_25_12 9, 1, 5, 13, 10
8_17_12 7, 15, 3, 11, 8, 16, 4, 12
5_7_18 11, 3, 7, 15, 4
1_9_06 6
1_28_08 11
3_9_12 9, 1, 5
1_25_18 12
4_17_16 9, 1, 5, 13
7_6_12 8, 16, 4, 12, 5, 13, 1
3_3_08 5, 13, 9
6_24_08 6, 14, 2, 10, 3, 11
2_11_22 14, 6
7_19_10 6, 14, 2, 10, 15, 7, 11
3_24_12 4, 12, 8
3_26_02 16, 8, 12
3_6_06 1, 9, 13
3_7_08 6, 14, 10
8_1_02 2, 10, 14, 6, 3, 11, 15, 7
3_17_14 8, 16, 4
8_20_04 3, 11, 15, 7, 4, 12, 16, 8
1_7_08 14
3_25_08 7, 15, 3
6_9_06 6, 14, 2, 10, 7, 15
8_20_14 8, 16, 4, 12, 9, 1, 5, 13
7_5_06 5, 13, 1, 9, 6, 14, 2
5_14_14 11, 3, 7, 15, 4
1_6_06 1
1_23_02 11
7_19_06 4, 12, 16, 8, 13, 5, 9
7_7_14 9, 1, 5, 13, 2, 10, 14
3_26_08 3, 11, 15
2_28_18 8, 16
3_9_02 4, 12, 16
4_23_16 10, 2, 6, 14
8_26_00 3, 11, 15, 7, 4, 12, 16, 8
1_2_06 16
8_9_02 4, 12, 16, 8, 5, 13, 1, 9
3_25_22 14, 6, 10
6_13_22 15, 7, 11, 3, 12, 4
4_11_20 13, 5, 9, 1
2_22_12 4, 12
5_31_00 4, 12, 16, 8, 9
6_26_14 10, 2, 6, 14, 7, 15
1_24_12 12
8_26_18 12, 4, 8, 16, 13, 5, 9, 1
6_10_18 12, 4, 8, 16, 9, 1
2_20_00 13, 5
3_1_04 3, 11, 15
1_1_02 2
2_12_22 10, 2
6_22_18 11, 3, 7, 15, 8, 16
1_23_20 4
8_30_16 12, 4, 8, 16, 9, 1, 5, 13
1_4_20 15
1_10_02 16
5_9_12 9, 1, 5, 13, 10
4_15_12 10, 2, 6, 14
5_4_12 7, 15, 3, 11, 12
5_18_04 3, 11, 15, 7, 16
8_25_12 9, 1, 5, 13, 10, 2, 6, 14
3_20_04 15, 7, 3
8_10_02 4, 12, 16, 8, 5, 13, 1, 9
6_17_08 5, 13, 1, 9, 6, 14
8_5_16 10, 2, 6, 14, 11, 3, 7, 15
5_17_22 12, 4, 8, 16, 13
7_19_00 1, 9, 13, 5, 10, 2, 6
4_28_08 7, 15, 3, 11
8_19_06 4, 12, 16, 8, 5, 13, 1, 9
8_1_22 12, 4, 8, 16, 13, 5, 9, 1
3_3_12 7, 15, 11
8_30_10 9, 1, 5, 13, 6, 14, 2, 10
4_24_14 9, 1, 5, 13
4_1_16 9, 1, 5, 13
2_19_16 9, 1
7_11_12 9, 1, 5, 13, 2, 10, 14
8_6_06 5, 13, 1, 9, 6, 14, 2, 10
5_12_04 5, 13, 1, 9, 10
3_30_22 11, 3, 7
1_30_04 2
2_8_04 16, 8
4_18_02 2, 10, 14, 6
2_22_22 9, 1
4_7_10 7, 15, 3, 11
8_20_12 7, 15, 3, 11, 8, 16, 4, 12
2_1_12 7, 15
6_10_00 3, 11, 15, 7, 16, 8
4_1_10 6, 14, 2, 10
1_17_22 12
2_19_10 6, 14
2_5_10 7, 15
7_30_14 11, 3, 7, 15, 4, 12, 16
3_8_04 16, 8, 4
1_9_00 3
7_31_02 5, 13, 1, 9, 10, 2, 6
1_27_18 4
8_3_06 4, 12, 16, 8, 5, 13, 1, 9
4_31_06 7, 15, 3, 11
3_9_04 5, 13, 1
4_26_18 12, 4, 8, 16
4_21_02 3, 11, 15, 7
8_3_16 9, 1, 5, 13, 10, 2, 6, 14
2_18_08 1, 9
1_9_04 5
2_13_22 15, 7
1_11_12 1
3_21_12 8, 16, 4
7_29_16 12, 4, 8, 16, 9, 1, 5
8_7_12 8, 16, 4, 12, 9, 1, 5, 13
5_15_12 10, 2, 6, 14, 15
4_8_16 10, 2, 6, 14
4_7_08 6, 14, 2, 10
3_4_08 1, 9, 5
7_13_12 10, 2, 6, 14, 7, 15, 3
1_19_04 11
7_2_18 10, 2, 6, 14, 7, 15, 3
7_14_14 11, 3, 7, 15, 4, 12, 16
3_18_00 13, 5, 9
5_29_16 12, 4, 8, 16, 9
5_15_08 8, 16, 4, 12, 13
4_7_04 4, 12, 16, 8
4_25_16 11, 3, 7, 15
4_25_14 10, 2, 6, 14
8_27_16 11, 3, 7, 15, 12, 4, 8, 16
7_3_12 7, 15, 3, 11, 16, 8, 12
4_25_00 3, 11, 15, 7
8_28_06 6, 14, 2, 10, 7, 15, 3, 11
1_8_00 6
6_29_20 14, 6, 10, 2, 11, 3
7_17_10 6, 14, 2, 10, 7, 15, 3
6_20_02 2, 10, 14, 6, 15, 7
6_29_00 4, 12, 16, 8, 1, 9
5_20_12 7, 15, 3, 11, 12
8_5_02 3, 11, 15, 7, 4, 12, 16, 8
8_27_10 8, 16, 4, 12, 9, 1, 5, 13
6_5_14 9, 1, 5, 13, 10, 2
4_14_22 15, 7, 11, 3
3_8_22 9, 1, 13
6_19_06 4, 12, 16, 8, 5, 13
3_1_20 11, 3, 7
4_30_22 15, 7, 11, 3
4_5_18 11, 3, 7, 15
1_8_22 1
8_12_16 11, 3, 7, 15, 12, 4, 8, 16
2_6_16 6, 14
1_15_18 5
5_10_18 12, 4, 8, 16, 9
2_29_16 12, 4
8_14_02 5, 13, 1, 9, 2, 10, 14, 6
3_2_14 4, 12, 16
8_17_20 11, 3, 7, 15, 12, 4, 8, 16
3_15_18 13, 5, 1
8_22_08 6, 14, 2, 10, 7, 15, 3, 11
7_22_04 4, 12, 16, 8, 1, 9, 13
2_7_08 6, 14
6_8_20 12, 4, 8, 16, 9, 1
4_19_06 4, 12, 16, 8
4_17_14 8, 16, 4, 12
6_19_14 8, 16, 4, 12, 9, 1
3_14_04 2, 10, 14
4_21_12 8, 16, 4, 12
4_3_22 12, 4, 8, 16
8_11_02 4, 12, 16, 8, 5, 13, 1, 9
1_12_14 14
5_4_10 6, 14, 2, 10, 11
4_22_02 3, 11, 15, 7
8_30_22 15, 7, 11, 3, 12, 4, 8, 16
4_10_18 12, 4, 8, 16
7_10_18 12, 4, 8, 16, 9, 1, 5
1_15_00 12
5_23_10 7, 15, 3, 11, 16
1_6_00 14
5_27_06 6, 14, 2, 10, 15
4_25_12 9, 1, 5, 13
7_31_22 15, 7, 11, 3, 4, 12, 16
2_27_12 9, 1
8_13_18 13, 5, 9, 1, 10, 2, 6, 14
2_16_22 11, 3
3_22_04 16, 8, 12
5_28_00 3, 11, 15, 7, 8
8_25_06 6, 14, 2, 10, 7, 15, 3, 11
1_19_08 13
2_22_14 5, 13
1_31_12 2
2_4_00 13, 5
1_16_22 3
5_19_14 8, 16, 4, 12, 1
2_31_08 8, 16
3_1_18 10, 2, 6
4_22_16 10, 2, 6, 14
4_14_08 8, 16, 4, 12
4_8_02 3, 11, 15, 7
4_2_16 9, 1, 5, 13
4_8_14 9, 1, 5, 13
3_30_04 2, 10, 14
3_27_06 6, 14, 10
4_25_18 12, 4, 8, 16
6_26_06 6, 14, 2, 10, 3, 11
6_17_04 3, 11, 15, 7, 4, 12
6_6_10 7, 15, 3, 11, 4, 12
2_12_10 4, 12
2_3_08 5, 13
7_27_06 6, 14, 2, 10, 15, 7, 11
5_23_04 4, 12, 16, 8, 13
7_18_20 11, 3, 7, 15, 8, 16, 4
1_2_22 8
6_1_00 1, 9, 13, 5, 2, 10
5_8_14 9, 1, 5, 13, 14
2_13_18 13, 5
7_22_20 12, 4, 8, 16, 9, 1, 5
8_26_04 5, 13, 1, 9, 6, 14, 2, 10
4_30_06 7, 15, 3, 11
2_10_12 5, 13
8_9_04 5, 13, 1, 9, 6, 14, 2, 10
5_18_06 4, 12, 16, 8, 1
4_13_08 8, 16, 4, 12
5_7_02 3, 11, 15, 7, 12
7_3_18 10, 2, 6, 14, 3, 11, 15
2_21_18 11, 3
2_1_06 4, 12
3_26_20 9, 1, 5
5_28_14 10, 2, 6, 14, 15
3_3_10 6, 14, 10
4_9_08 7, 15, 3, 11
7_16_04 6, 14, 2, 10, 7, 15, 3
7_1_08 5, 13, 1, 9, 6, 14, 2
6_15_16 12, 4, 8, 16, 9, 1
3_31_06 7, 15, 11
2_15_06 7, 15
4_27_20 13, 5, 9, 1
4_23_20 12, 4, 8, 16
1_12_16 15
2_11_14 10, 2
3_6_14 5, 13, 1
5_17_02 2, 10, 14, 6, 3
7_2_10 6, 14, 2, 10, 3, 11, 15
1_2_08 1
1_20_00 5
3_9_16 11, 3, 7
4_10_14 10, 2, 6, 14
6_16_18 13, 5, 9, 1, 6, 14
1_9_10 8
4_3_12 7, 15, 3, 11
3_8_10 3, 11, 7
8_2_08 5, 13, 1, 9, 6, 14, 2, 10
5_27_14 10, 2, 6, 14, 3
5_8_18 11, 3, 7, 15, 16
7_10_20 13, 5, 9, 1, 10, 2, 6
2_17_18 10, 2
6_1_06 4, 12, 16, 8, 5, 13
6_9_14 10, 2, 6, 14, 11, 3
8_16_00 4, 12, 16, 8, 1, 9, 13, 5
1_29_10 9
8_10_18 12, 4, 8, 16, 13, 5, 9, 1
4_20_04 3, 11, 15, 7
4_19_18 10, 2, 6, 14
6_22_14 9, 1, 5, 13, 6, 14
5_27_02 4, 12, 16, 8, 13
5_9_06 6, 14, 2, 10, 7
3_6_10 3, 11, 15
5_24_02 3, 11, 15, 7, 8
4_27_00 3, 11, 15, 7
3_13_06 7, 15, 3
5_2_06 4, 12, 16, 8, 1
4_9_20 13, 5, 9, 1
3_30_18 9, 1, 5
8_12_12 9, 1, 5, 13, 10, 2, 6, 14
5_14_08 8, 16, 4, 12, 1
4_13_16 12, 4, 8, 16
6_4_12 7, 15, 3, 11, 4, 12
1_8_14 13
7_12_08 7, 15, 3, 11, 12, 4, 8
1_23_08 14
5_10_20 13, 5, 9, 1, 10
7_20_08 5, 13, 1, 9, 10, 2, 6
3_3_02 2, 10, 6
4_12_08 7, 15, 3, 11
3_30_14 7, 15, 3
5_22_08 6, 14, 2, 10, 3
2_3_18 10, 2
7_17_12 7, 15, 3, 11, 8, 16, 4
7_2_16 9, 1, 5, 13, 6, 14, 2
3_19_02 2, 10, 6
8_18_14 8, 16, 4, 12, 9, 1, 5, 13
8_28_12 9, 1, 5, 13, 10, 2, 6, 14
3_11_04 5, 13, 9
5_28_16 11, 3, 7, 15, 16
6_26_10 8, 16, 4, 12, 5, 13
7_22_06 5, 13, 1, 9, 2, 10, 14
3_11_14 10, 2, 14
1_25_12 9
3_13_08 8, 16, 4
6_9_08 7, 15, 3, 11, 8, 16
4_20_20 11, 3, 7, 15
5_17_12 7, 15, 3, 11, 8
6_18_10 6, 14, 2, 10, 3, 11
2_10_04 1, 9
4_28_06 6, 14, 2, 10
4_29_04 6, 14, 2, 10
7_11_16 11, 3, 7, 15, 4, 12, 16
5_16_12 10, 2, 6, 14, 11
8_2_10 6, 14, 2, 10, 7, 15, 3, 11
6_17_00 1, 9, 13, 5, 2, 10
7_13_18 13, 5, 9, 1, 10, 2, 6
5_14_02 5, 13, 1, 9, 14
1_29_12 10
3_23_06 5, 13, 9
1_9_08 7
2_6_06 1, 9
3_1_08 5, 13, 1
7_12_00 3, 11, 15, 7, 8, 16, 4
2_25_10 8, 16
6_25_02 4, 12, 16, 8, 5, 13
6_3_14 8, 16, 4, 12, 9, 1
3_6_00 14, 6, 10
4_2_22 12, 4, 8, 16
3_23_08 6, 14, 10
5_12_08 7, 15, 3, 11, 12
1_22_20 8
8_20_16 9, 1, 5, 13, 10, 2, 6, 14
6_8_02 3, 11, 15, 7, 16, 8
2_31_20 14, 6
3_16_02 1, 9, 5
6_5_04 4, 12, 16, 8, 5, 13
3_12_16 7, 15, 11
6_18_20 11, 3, 7, 15, 8, 16
2_22_20 8, 16
5_13_14 11, 3, 7, 15, 8
4_7_16 10, 2, 6, 14
4_6_22 13, 5, 9, 1
4_17_02 2, 10, 14, 6
8_14_06 7, 15, 3, 11, 4, 12, 16, 8
4_24_18 11, 3, 7, 15
4_19_10 6, 14, 2, 10
7_5_08 6, 14, 2, 10, 7, 15, 3
3_31_16 12, 4, 16
2_26_02 16, 8
8_7_10 7, 15, 3, 11, 8, 16, 4, 12
6_20_18 10, 2, 6, 14, 7, 15
2_9_12 9, 1
2_21_06 5, 13
3_27_08 7, 15, 11
4_26_00 3, 11, 15, 7
4_27_14 10, 2, 6, 14
2_11_12 9, 1
1_20_06 8
3_14_20 10, 2, 6
5_27_20 13, 5, 9, 1, 6
2_29_18 13, 5
3_19_06 4, 12, 8
1_4_14 12
6_30_20 14, 6, 10, 2, 7, 15
5_2_04 3, 11, 15, 7, 16
7_1_12 7, 15, 3, 11, 8, 16, 4
3_28_00 15, 7, 3
4_2_14 8, 16, 4, 12
4_25_10 8, 16, 4, 12
2_26_06 2, 10
1_19_14 16
4_29_16 12, 4, 8, 16
8_4_06 4, 12, 16, 8, 5, 13, 1, 9
1_1_18 10
6_12_22 14, 6, 10, 2, 11, 3
6_2_08 5, 13, 1, 9, 2, 10
2_19_22 12, 4
1_4_02 6
4_19_20 11, 3, 7, 15
4_24_10 7, 15, 3, 11
5_20_14 8, 16, 4, 12, 13
6_3_06 4, 12, 16, 8, 5, 13
7_1_02 2, 10, 14, 6, 3, 11, 15
5_19_16 9, 1, 5, 13, 2
7_15_04 6, 14, 2, 10, 11, 3, 7
