3_29_08 8, 16, 4
5_10_14 10, 2, 6, 14, 7
2_13_00 4,12
7_15_10 9, 1, 5, 13, 14, 6, 10
6_12_10 8, 16, 4, 12, 5, 13
3_23_12 8, 16, 12
2_19_18 10, 2
6_27_12 9, 1, 5, 13, 10, 2
7_22_12 8, 16, 4, 12, 5, 13, 1
5_13_00 4, 12, 16, 8, 1
3_27_16 11, 3, 15
3_26_14 6, 14, 2
1_29_16 12
5_25_22 14, 6, 10, 2, 15
7_26_14 10, 2, 6, 14, 7, 15, 3
6_22_02 3, 11, 15, 7, 16, 8
7_7_06 5, 13, 1, 9, 14, 6, 10
1_18_02 14
6_8_22 13, 5, 9, 1, 10, 2
4_24_14 9, 1, 5, 13
4_1_20 11, 3, 7, 15
4_30_20 14, 6, 10, 2
3_4_04 15, 7, 3
6_23_00 2, 10, 14, 6, 3, 11
8_25_04 5, 13, 1, 9, 6, 14, 2, 10
3_8_00 14, 6, 2
7_5_14 9, 1, 5, 13, 10, 2, 6
4_28_04 5, 13, 1, 9
7_19_16 9, 1, 5, 13, 2, 10, 14
5_18_16 9, 1, 5, 13, 6
8_21_12 8, 16, 4, 12, 9, 1, 5, 13
7_11_08 7, 15, 3, 11, 16, 8, 12
4_1_06 4, 12, 16, 8
4_7_02 3, 11, 15, 7
3_13_10 9, 1, 5
3_18_00 13, 5, 9
2_22_02 15, 7
3_27_06 6, 14, 10
7_29_12 10, 2, 6, 14, 7, 15, 3
7_14_16 12, 4, 8, 16, 5, 13, 1
7_31_08 8, 16, 4, 12, 13, 5, 9
3_13_06 7, 15, 3
2_30_08 4, 12
2_24_12 4, 12
1_2_00 13
7_14_08 8, 16, 4, 12, 1, 9, 13
4_20_20 11, 3, 7, 15
1_22_04 16
3_26_20 9, 1, 5
7_14_00 4, 12, 16, 8, 13, 5, 9
3_31_04 6, 14, 10
8_16_12 10, 2, 6, 14, 7, 15, 3, 11
6_12_12 9, 1, 5, 13, 6, 14
7_1_02 2, 10, 14, 6, 3, 11, 15
3_3_20 11, 3, 15
2_13_18 13, 5
4_16_04 6, 14, 2, 10
4_23_10 7, 15, 3, 11
7_7_16 10, 2, 6, 14, 3, 11, 15
4_26_04 5, 13, 1, 9
6_29_20 14, 6, 10, 2, 11, 3
6_20_10 6, 14, 2, 10, 3, 11
6_31_00 4, 12, 16, 8, 1, 9
8_15_16 12, 4, 8, 16, 9, 1, 5, 13
3_27_00 3, 11, 7
2_6_18 7, 15
8_2_22 12, 4, 8, 16, 13, 5, 9, 1
7_6_08 6, 14, 2, 10, 3, 11, 15
1_3_18 2
4_2_18 10, 2, 6, 14
4_15_14 11, 3, 7, 15
3_30_14 7, 15, 3
8_7_20 12, 4, 8, 16, 13, 5, 9, 1
7_21_20 12, 4, 8, 16, 13, 5, 9
1_17_08 5
2_17_08 5, 13
4_28_08 7, 15, 3, 11
2_11_14 10, 2
2_28_16 7, 15
6_26_04 5, 13, 1, 9, 2, 10
7_26_06 6, 14, 2, 10, 3, 11, 15
2_21_06 5, 13
4_26_06 6, 14, 2, 10
7_29_10 9, 1, 5, 13, 6, 14, 2
1_31_14 3
6_31_22 15, 7, 11, 3, 12, 4
3_11_12 9, 1, 13
1_25_22 14
4_19_06 4, 12, 16, 8
4_14_10 9, 1, 5, 13
2_16_02 1, 9
8_6_20 12, 4, 8, 16, 13, 5, 9, 1
3_15_02 5, 13, 9
6_24_10 7, 15, 3, 11, 4, 12
5_5_04 4, 12, 16, 8, 5
1_22_10 3
3_17_20 11, 3, 7
5_28_18 12, 4, 8, 16, 1
8_22_08 6, 14, 2, 10, 7, 15, 3, 11
1_8_16 14
5_1_16 9, 1, 5, 13, 10
5_18_10 6, 14, 2, 10, 3
4_8_06 5, 13, 1, 9
8_17_20 11, 3, 7, 15, 12, 4, 8, 16
1_16_08 12
1_11_06 14
4_5_04 4, 12, 16, 8
6_11_16 11, 3, 7, 15, 12, 4
8_31_04 6, 14, 2, 10, 3, 11, 15, 7
3_26_06 2, 10, 14
3_10_06 2, 10, 14
3_21_18 11, 3, 7
2_14_18 9, 1
4_28_16 11, 3, 7, 15
1_4_12 11
2_27_08 7, 15
6_24_18 11, 3, 7, 15, 8, 16
4_4_10 6, 14, 2, 10
2_26_02 16, 8
1_2_02 14
3_4_16 5, 13, 9
1_17_20 11
8_2_16 9, 1, 5, 13, 10, 2, 6, 14
6_15_10 9, 1, 5, 13, 6, 14
2_25_16 11, 3
1_6_20 8
6_18_06 4, 12, 16, 8, 1, 9
5_13_02 5, 13, 1, 9, 2
6_20_16 9, 1, 5, 13, 6, 14
3_15_10 9, 1, 13
1_16_18 1
1_19_08 13
7_8_02 3, 11, 15, 7, 8, 16, 4
8_8_08 6, 14, 2, 10, 7, 15, 3, 11
3_20_20 7, 15, 11
3_1_04 3, 11, 15
4_17_16 9, 1, 5, 13
5_23_22 13, 5, 9, 1, 6
8_16_16 12, 4, 8, 16, 9, 1, 5, 13
2_20_22 8, 16
1_27_04 13
8_20_20 11, 3, 7, 15, 12, 4, 8, 16
5_16_12 10, 2, 6, 14, 11
2_24_22 9, 1
8_31_18 13, 5, 9, 1, 10, 2, 6, 14
1_25_14 10
4_21_14 9, 1, 5, 13
6_28_08 7, 15, 3, 11, 4, 12
2_24_16 6, 14
7_26_08 7, 15, 3, 11, 4, 12, 16
6_28_14 10, 2, 6, 14, 7, 15
4_7_00 2, 10, 14, 6
7_15_04 6, 14, 2, 10, 11, 3, 7
6_1_14 8, 16, 4, 12, 9, 1
7_9_04 5, 13, 1, 9, 6, 14, 2
2_17_02 2, 10
7_23_22 13, 5, 9, 1, 6, 14, 2
4_28_06 6, 14, 2, 10
5_24_08 6, 14, 2, 10, 11
5_5_20 12, 4, 8, 16, 13
5_21_10 7, 15, 3, 11, 8
2_27_16 11, 3
6_26_18 12, 4, 8, 16, 9, 1
2_16_18 9, 1
1_7_04 12
8_18_20 11, 3, 7, 15, 12, 4, 8, 16
7_18_22 12, 4, 8, 16, 9, 1, 5
8_20_06 4, 12, 16, 8, 5, 13, 1, 9
5_13_04 6, 14, 2, 10, 3
4_16_06 7, 15, 3, 11
3_6_10 3, 11, 15
1_24_02 7
3_19_20 11, 3, 15
7_15_14 11, 3, 7, 15, 16, 8, 12
5_4_04 3, 11, 15, 7, 8
1_2_14 4
7_21_16 10, 2, 6, 14, 11, 3, 7
3_23_14 9, 1, 13
3_4_18 6, 14, 10
5_27_06 6, 14, 2, 10, 15
3_7_20 12, 4, 16
1_24_14 13
2_10_08 3, 11
3_31_18 13, 5, 1
4_17_20 11, 3, 7, 15
2_5_14 9, 1
4_24_22 13, 5, 9, 1
4_10_18 12, 4, 8, 16
7_10_00 3, 11, 15, 7, 16, 8, 12
2_29_14 11, 3
5_15_16 12, 4, 8, 16, 1
1_16_02 9
2_27_22 14, 6
8_22_22 13, 5, 9, 1, 14, 6, 10, 2
3_7_18 11, 3, 15
8_2_18 10, 2, 6, 14, 11, 3, 7, 15
1_13_08 8
3_31_08 8, 16, 12
4_12_12 9, 1, 5, 13
1_22_18 7
7_11_04 5, 13, 1, 9, 14, 6, 10
3_21_22 13, 5, 9
6_9_04 5, 13, 1, 9, 6, 14
2_7_06 5, 13
3_24_00 14, 6, 2
5_27_20 13, 5, 9, 1, 6
4_12_04 5, 13, 1, 9
3_10_12 5, 13, 1
3_22_12 4, 12, 16
2_25_08 7, 15
7_19_18 10, 2, 6, 14, 3, 11, 15
8_23_22 13, 5, 9, 1, 14, 6, 10, 2
8_4_22 12, 4, 8, 16, 13, 5, 9, 1
5_31_22 15, 7, 11, 3, 4
8_20_10 6, 14, 2, 10, 7, 15, 3, 11
1_1_18 10
7_16_16 12, 4, 8, 16, 13, 5, 9
2_3_10 6, 14
1_29_12 10
7_30_22 15, 7, 11, 3, 8, 16, 4
8_6_12 8, 16, 4, 12, 9, 1, 5, 13
7_21_06 5, 13, 1, 9, 6, 14, 2
7_28_02 4, 12, 16, 8, 9, 1, 5
5_18_04 3, 11, 15, 7, 16
8_24_14 9, 1, 5, 13, 10, 2, 6, 14
2_29_16 12, 4
6_10_18 12, 4, 8, 16, 9, 1
6_17_12 7, 15, 3, 11, 8, 16
6_9_00 3, 11, 15, 7, 4, 12
7_18_04 3, 11, 15, 7, 16, 8, 12
5_3_04 3, 11, 15, 7, 12
3_16_12 6, 14, 10
7_28_10 8, 16, 4, 12, 13, 5, 9
2_23_06 5, 13
5_11_00 3, 11, 15, 7, 12
5_12_12 9, 1, 5, 13, 14
4_14_20 14, 6, 10, 2
4_27_18 12, 4, 8, 16
8_5_00 2, 10, 14, 6, 3, 11, 15, 7
6_27_04 5, 13, 1, 9, 6, 14
6_8_12 8, 16, 4, 12, 5, 13
4_5_12 8, 16, 4, 12
2_1_00 1, 9
8_7_18 11, 3, 7, 15, 12, 4, 8, 16
1_25_20 13
1_19_12 15
8_29_04 6, 14, 2, 10, 3, 11, 15, 7
3_16_00 16, 8, 4
6_12_02 4, 12, 16, 8, 1, 9
8_8_06 5, 13, 1, 9, 6, 14, 2, 10
7_21_10 7, 15, 3, 11, 8, 16, 4
1_19_04 11
6_5_22 13, 5, 9, 1, 14, 6
2_17_22 12, 4
4_7_14 9, 1, 5, 13
3_5_16 10, 2, 6
8_8_10 7, 15, 3, 11, 8, 16, 4, 12
5_11_20 13, 5, 9, 1, 6
8_31_12 10, 2, 6, 14, 7, 15, 3, 11
8_4_04 3, 11, 15, 7, 4, 12, 16, 8
2_20_02 14, 6
8_12_20 13, 5, 9, 1, 14, 6, 10, 2
6_3_22 12, 4, 8, 16, 13, 5
7_17_12 7, 15, 3, 11, 8, 16, 4
6_1_08 5, 13, 1, 9, 6, 14
6_9_06 6, 14, 2, 10, 7, 15
6_11_22 14, 6, 10, 2, 15, 7
4_11_18 12, 4, 8, 16
3_22_10 3, 11, 15
2_22_04 16, 8
1_12_20 1
6_9_20 13, 5, 9, 1, 14, 6
1_22_22 9
8_23_20 12, 4, 8, 16, 13, 5, 9, 1
1_3_06 12
3_6_20 8, 16, 4
5_6_20 12, 4, 8, 16, 9
4_1_18 10, 2, 6, 14
6_4_16 9, 1, 5, 13, 6, 14
8_23_06 5, 13, 1, 9, 6, 14, 2, 10
3_5_08 6, 14, 2
7_23_10 7, 15, 3, 11, 16, 8, 12
6_31_20 14, 6, 10, 2, 11, 3
6_13_06 7, 15, 3, 11, 4, 12
7_11_00 3, 11, 15, 7, 12, 4, 8
1_15_18 5
3_7_04 4, 12, 8
3_14_20 10, 2, 6
7_29_22 15, 7, 11, 3, 12, 4, 8
3_16_02 1, 9, 5
5_4_10 6, 14, 2, 10, 11
7_10_22 14, 6, 10, 2, 11, 3, 7
1_29_20 14
7_7_18 11, 3, 7, 15, 4, 12, 16
5_4_06 4, 12, 16, 8, 9
1_12_02 8
4_1_22 12, 4, 8, 16
3_27_18 12, 4, 16
6_29_16 12, 4, 8, 16, 9, 1
3_5_22 13, 5, 9
7_24_16 10, 2, 6, 14, 15, 7, 11
6_4_20 11, 3, 7, 15, 8, 16
2_30_06 3, 11
8_18_16 9, 1, 5, 13, 10, 2, 6, 14
1_20_10 10
8_23_18 11, 3, 7, 15, 12, 4, 8, 16
5_30_16 12, 4, 8, 16, 5
7_25_02 4, 12, 16, 8, 5, 13, 1
6_21_14 9, 1, 5, 13, 10, 2
8_10_12 9, 1, 5, 13, 10, 2, 6, 14
8_29_18 13, 5, 9, 1, 10, 2, 6, 14
8_19_10 6, 14, 2, 10, 7, 15, 3, 11
8_7_14 9, 1, 5, 13, 10, 2, 6, 14
4_4_16 9, 1, 5, 13
6_24_14 9, 1, 5, 13, 6, 14
5_17_00 1, 9, 13, 5, 2
4_30_16 12, 4, 8, 16
8_4_16 9, 1, 5, 13, 10, 2, 6, 14
5_3_12 7, 15, 3, 11, 16
1_14_04 2
7_18_06 4, 12, 16, 8, 1, 9, 13
7_7_00 2, 10, 14, 6, 11, 3, 7
3_14_06 3, 11, 15
1_18_00 13
8_1_06 4, 12, 16, 8, 5, 13, 1, 9
1_27_20 5
8_29_12 10, 2, 6, 14, 7, 15, 3, 11
2_16_08 4, 12
2_21_10 7, 15
8_26_18 12, 4, 8, 16, 13, 5, 9, 1
7_7_12 8, 16, 4, 12, 1, 9, 13
3_8_12 4, 12, 8
2_21_04 4, 12
6_5_06 5, 13, 1, 9, 6, 14
2_15_12 10, 2
7_20_14 8, 16, 4, 12, 13, 5, 9
7_10_10 8, 16, 4, 12, 5, 13, 1
1_6_04 16
7_28_06 6, 14, 2, 10, 11, 3, 7
6_15_00 4, 12, 16, 8, 1, 9
1_12_12 13
5_3_20 11, 3, 7, 15, 4
2_3_04 3, 11
4_4_08 5, 13, 1, 9
6_7_22 13, 5, 9, 1, 14, 6
7_9_18 12, 4, 8, 16, 13, 5, 9
1_9_18 12
8_14_14 11, 3, 7, 15, 8, 16, 4, 12
3_23_02 3, 11, 7
1_30_08 4
6_12_00 3, 11, 15, 7, 16, 8
5_20_18 10, 2, 6, 14, 15
4_29_02 5, 13, 1, 9
3_19_00 1, 9, 5
5_12_18 12, 4, 8, 16, 1
3_28_00 15, 7, 3
1_6_08 2
7_9_14 10, 2, 6, 14, 11, 3, 7
6_26_12 9, 1, 5, 13, 6, 14
6_30_02 5, 13, 1, 9, 14, 6
3_12_10 4, 12, 8
7_6_12 8, 16, 4, 12, 5, 13, 1
6_17_00 1, 9, 13, 5, 2, 10
7_25_08 7, 15, 3, 11, 8, 16, 4
3_31_00 4,12, 8
6_29_08 8, 16, 4, 12, 5, 13
7_23_04 4, 12, 16, 8, 13, 5, 9
7_12_02 4, 12, 16, 8, 9, 1, 5
6_25_16 11, 3, 7, 15, 12, 4
6_24_06 5, 13, 1, 9, 2, 10
5_4_00 1, 9, 13, 5, 6
8_3_22 12, 4, 8, 16, 13, 5, 9, 1
7_30_16 12, 4, 8, 16, 5, 13, 1
4_28_22 14, 6, 10, 2
3_16_16 8, 16, 12
5_8_06 5, 13, 1, 9, 10
5_22_18 11, 3, 7, 15, 8
1_26_02 16
6_26_16 11, 3, 7, 15, 8, 16
6_4_06 4, 12, 16, 8, 1, 9
7_20_12 7, 15, 3, 11, 12, 4, 8
5_23_02 3, 11, 15, 7, 12
8_1_02 2, 10, 14, 6, 3, 11, 15, 7
1_8_08 10
8_18_08 5, 13, 1, 9, 6, 14, 2, 10
2_12_04 1, 9
4_4_12 7, 15, 3, 11
6_30_06 7, 15, 3, 11, 16, 8
6_21_04 4, 12, 16, 8, 5, 13
1_14_00 16
1_9_14 10
8_12_08 7, 15, 3, 11, 8, 16, 4, 12
8_19_00 1, 9, 13, 5, 2, 10, 14, 6
8_8_02 3, 11, 15, 7, 4, 12, 16, 8
8_23_08 6, 14, 2, 10, 7, 15, 3, 11
8_17_04 3, 11, 15, 7, 4, 12, 16, 8
6_1_22 12, 4, 8, 16, 13, 5
3_7_02 3, 11, 7
4_17_08 5, 13, 1, 9
1_26_00 15
7_18_02 2, 10, 14, 6, 15, 7, 11
8_1_22 12, 4, 8, 16, 13, 5, 9, 1
7_13_06 7, 15, 3, 11, 4, 12, 16
5_23_00 2, 10, 14, 6, 11
2_3_02 2, 10
2_2_06 16, 8
8_7_10 7, 15, 3, 11, 8, 16, 4, 12
8_30_06 7, 15, 3, 11, 4, 12, 16, 8
1_26_04 1
6_23_12 8, 16, 4, 12, 9, 1
8_31_06 7, 15, 3, 11, 4, 12, 16, 8
4_22_14 9, 1, 5, 13
3_11_16 11, 3, 15
2_19_06 4, 12
8_13_06 7, 15, 3, 11, 4, 12, 16, 8
8_22_12 8, 16, 4, 12, 9, 1, 5, 13
6_14_18 13, 5, 9, 1, 6, 14
7_4_02 2, 10, 14, 6, 7, 15, 3
3_30_10 5, 13, 1
6_25_14 10, 2, 6, 14, 11, 3
7_28_22 14, 6, 10, 2, 3, 11, 15
3_2_20 7, 15, 3
4_8_10 7, 15, 3, 11
6_6_12 8, 16, 4, 12, 5, 13
1_31_06 15
2_27_12 9, 1
1_6_02 15
6_15_02 5, 13, 1, 9, 2, 10
4_4_02 2, 10, 14, 6
2_26_16 7, 15
3_3_16 9, 1, 13
3_27_22 14, 6, 2
1_31_00 12
7_7_20 12, 4, 8, 16, 5, 13, 1
6_5_18 11, 3, 7, 15, 12, 4
5_28_22 14, 6, 10, 2, 3
4_1_16 9, 1, 5, 13
3_17_08 5, 13, 1
3_23_06 5, 13, 9
4_19_18 10, 2, 6, 14
7_12_10 8, 16, 4, 12, 13, 5, 9
3_11_20 13, 5, 1
4_12_14 10, 2, 6, 14
1_10_10 4
1_31_20 6
1_23_06 13
5_17_12 7, 15, 3, 11, 8
5_2_18 10, 2, 6, 14, 7
6_9_14 10, 2, 6, 14, 11, 3
2_31_00 4,12
3_29_16 12, 4, 8
6_12_06 6, 14, 2, 10, 3, 11
4_18_16 9, 1, 5, 13
7_26_20 13, 5, 9, 1, 10, 2, 6
5_28_06 6, 14, 2, 10, 11
1_27_02 12
3_19_12 7, 15, 11
2_23_04 4, 12
5_5_14 9, 1, 5, 13, 10
8_13_00 4, 12, 16, 8, 1, 9, 13, 5
1_24_04 8
3_28_06 2, 10, 6
7_17_04 3, 11, 15, 7, 4, 12, 16
4_7_16 10, 2, 6, 14
8_21_22 13, 5, 9, 1, 14, 6, 10, 2
2_23_14 9, 1
4_26_12 9, 1, 5, 13
3_11_22 14, 6, 2
4_3_12 7, 15, 3, 11
8_27_18 12, 4, 8, 16, 13, 5, 9, 1
3_21_16 10, 2, 6
3_24_04 16, 8, 4
2_13_04 6, 14
3_16_04 2, 10, 6
1_8_04 8
1_13_00 4
3_27_12 9, 1, 13
6_27_16 11, 3, 7, 15, 12, 4
6_8_08 6, 14, 2, 10, 3, 11
2_2_02 14, 6
3_20_18 6, 14, 10
4_3_18 10, 2, 6, 14
2_21_20 12, 4
3_1_20 11, 3, 7
2_5_12 8, 16
5_7_18 11, 3, 7, 15, 4
5_18_08 5, 13, 1, 9, 2
5_27_10 8, 16, 4, 12, 1
3_28_18 8, 16, 12
7_8_16 10, 2, 6, 14, 15, 7, 11
2_6_00 14, 6
3_3_14 8, 16, 12
3_23_08 6, 14, 10
8_10_00 3, 11, 15, 7, 4, 12, 16, 8
6_21_20 12, 4, 8, 16, 13, 5
4_3_04 3, 11, 15, 7
2_6_16 6, 14
5_5_16 10, 2, 6, 14, 11
2_19_12 7, 15
6_28_02 4, 12, 16, 8, 1, 9
2_13_12 10, 2
3_24_18 7, 15, 11
2_2_16 5, 13
5_3_08 5, 13, 1, 9, 14
8_14_12 10, 2, 6, 14, 7, 15, 3, 11
4_25_22 14, 6, 10, 2
5_20_00 1, 9, 13, 5, 6
6_4_10 6, 14, 2, 10, 3, 11
8_26_02 4, 12, 16, 8, 5, 13, 1, 9
4_6_10 7, 15, 3, 11
5_31_00 4, 12, 16, 8, 9
2_13_10 9, 1
7_24_02 3, 11, 15, 7, 8, 16, 4
8_4_06 4, 12, 16, 8, 5, 13, 1, 9
5_20_10 6, 14, 2, 10, 11
7_12_00 3, 11, 15, 7, 8, 16, 4
6_13_16 12, 4, 8, 16, 9, 1
5_7_10 7, 15, 3, 11, 16
5_28_20 13, 5, 9, 1, 2
4_16_18 13, 5, 9, 1
2_3_00 1, 9
7_29_00 4, 12, 16, 8, 1, 9, 13
5_14_22 15, 7, 11, 3, 8
3_18_10 2, 10, 14
7_6_00 2, 10, 14, 6, 15, 7, 11
5_1_00 1, 9, 13, 5, 2
7_9_02 4, 12, 16, 8, 5, 13, 1
8_9_08 7, 15, 3, 11, 8, 16, 4, 12
7_31_12 10, 2, 6, 14, 15, 7, 11
8_22_10 7, 15, 3, 11, 8, 16, 4, 12
7_21_14 9, 1, 5, 13, 10, 2, 6
2_8_06 1, 9
3_11_00 3, 11, 7
7_20_06 4, 12, 16, 8, 9, 1, 5
4_2_16 9, 1, 5, 13
3_15_06 7, 15, 11
4_29_10 9, 1, 5, 13
4_17_10 6, 14, 2, 10
5_1_20 11, 3, 7, 15, 12
8_29_16 12, 4, 8, 16, 9, 1, 5, 13
2_8_08 2, 10
3_10_04 1, 9, 13
7_20_08 5, 13, 1, 9, 10, 2, 6
5_26_22 14, 6, 10, 2, 11
6_15_06 7, 15, 3, 11, 4, 12
5_16_18 13, 5, 9, 1, 14
5_1_10 6, 14, 2, 10, 7
2_5_20 12, 4
2_24_10 3, 11
1_31_16 4
2_28_06 2, 10
1_13_04 6
4_12_00 3, 11, 15, 7
4_21_12 8, 16, 4, 12
2_20_10 2, 10
2_30_10 5, 13
2_16_22 11, 3
6_14_02 5, 13, 1, 9, 14, 6
2_5_00 2, 10
1_14_16 8
1_23_04 12
6_11_12 9, 1, 5, 13, 10, 2
7_29_06 7, 15, 3, 11, 4, 12, 16
4_26_18 12, 4, 8, 16
3_29_02 5, 13, 1
1_21_12 8
7_7_08 6, 14, 2, 10, 15, 7, 11
6_8_10 7, 15, 3, 11, 4, 12
6_1_04 3, 11, 15, 7, 4, 12
2_14_00 16, 8
1_20_04 7
5_26_02 4, 12, 16, 8, 1
4_25_00 3, 11, 15, 7
5_12_20 13, 5, 9, 1, 2
5_30_08 8, 16, 4, 12, 1
4_31_14 11, 3, 7, 15
8_28_14 10, 2, 6, 14, 11, 3, 7, 15
7_30_14 11, 3, 7, 15, 4, 12, 16
1_29_14 11
6_27_02 4, 12, 16, 8, 5, 13
6_3_08 5, 13, 1, 9, 6, 14
3_23_18 11, 3, 15
8_15_02 5, 13, 1, 9, 2, 10, 14, 6
4_11_00 3, 11, 15, 7
7_9_06 6, 14, 2, 10, 7, 15, 3
3_17_22 12, 4, 8
1_19_00 9
6_1_18 10, 2, 6, 14, 11, 3
8_9_18 12, 4, 8, 16, 13, 5, 9, 1
6_20_04 3, 11, 15, 7, 16, 8
1_5_18 11
6_18_04 3, 11, 15, 7, 16, 8
4_23_12 8, 16, 4, 12
4_10_22 14, 6, 10, 2
1_31_22 7
3_19_02 2, 10, 6
5_10_02 4, 12, 16, 8, 1
1_10_12 5
1_4_08 9
7_13_18 13, 5, 9, 1, 10, 2, 6
1_26_12 5
5_29_00 4, 12, 16, 8, 1
2_7_02 3, 11
1_5_08 6
2_23_08 6, 14
2_29_10 9, 1
6_4_22 12, 4, 8, 16, 9, 1
4_20_02 2, 10, 14, 6
3_21_20 12, 4, 8
5_5_02 3, 11, 15, 7, 4
7_23_16 10, 2, 6, 14, 3, 11, 15
8_22_06 5, 13, 1, 9, 6, 14, 2, 10
4_5_14 9, 1, 5, 13
8_24_00 2, 10, 14, 6, 3, 11, 15, 7
1_3_22 4
7_15_00 4, 12, 16, 8, 9, 1, 5
3_6_22 9, 1, 5
7_31_00 4, 12, 16, 8, 9, 1, 5
8_17_06 4, 12, 16, 8, 5, 13, 1, 9
3_3_18 10, 2, 14
2_19_04 3, 11
1_3_02 10
4_10_16 11, 3, 7, 15
7_2_14 8, 16, 4, 12, 5, 13, 1
6_22_14 9, 1, 5, 13, 6, 14
4_2_20 11, 3, 7, 15
7_1_22 12, 4, 8, 16, 13, 5, 9
8_11_10 8, 16, 4, 12, 9, 1, 5, 13
3_12_18 8, 16, 12
2_20_16 5, 13
5_25_08 7, 15, 3, 11, 8
1_4_22 16
7_15_18 13, 5, 9, 1, 2, 10, 14
4_16_02 5, 13, 1, 9
8_29_00 4, 12, 16, 8, 1, 9, 13, 5
5_29_14 11, 3, 7, 15, 8
2_30_12 6, 14
5_19_06 4, 12, 16, 8, 13
5_6_06 5, 13, 1, 9, 2
6_6_14 9, 1, 5, 13, 6, 14
2_7_00 2, 10
7_11_16 11, 3, 7, 15, 4, 12, 16
8_22_00 2, 10, 14, 6, 3, 11, 15, 7
7_23_00 2, 10, 14, 6, 11, 3, 7
1_16_16 16
3_23_10 7, 15, 11
4_31_00 4,12, 16, 8
8_14_22 15, 7, 11, 3, 12, 4, 8, 16
8_15_06 7, 15, 3, 11, 4, 12, 16, 8
1_10_00 15
4_9_14 10, 2, 6, 14
1_9_06 6
3_1_06 4, 12, 16
1_29_02 5
6_14_04 6, 14, 2, 10, 15, 7
2_3_14 8, 16
4_17_00 1, 9, 13, 5
1_25_16 11
2_18_12 3, 11
7_27_12 9, 1, 5, 13, 2, 10, 14
3_17_14 8, 16, 4
3_18_14 4, 12, 16
1_12_18 16
8_3_04 3, 11, 15, 7, 4, 12, 16, 8
8_1_00 1, 9, 13, 5, 2, 10, 14, 6
8_17_14 8, 16, 4, 12, 9, 1, 5, 13
3_8_16 6, 14, 10
3_4_22 8, 16, 12
3_22_08 2, 10, 14
7_19_08 5, 13, 1, 9, 14, 6, 10
6_4_14 8, 16, 4, 12, 5, 13
3_30_16 8, 16, 4
3_8_06 1, 9, 5
5_13_12 10, 2, 6, 14, 7
5_17_06 4, 12, 16, 8, 5
3_7_16 10, 2, 14
1_8_00 6
7_29_08 8, 16, 4, 12, 5, 13, 1
5_6_12 8, 16, 4, 12, 5
1_28_14 14
5_26_10 8, 16, 4, 12, 5
1_15_02 13
7_31_14 11, 3, 7, 15, 16, 8, 12
8_6_10 7, 15, 3, 11, 8, 16, 4, 12
7_24_08 6, 14, 2, 10, 11, 3, 7
3_17_02 2, 10, 14
8_20_14 8, 16, 4, 12, 9, 1, 5, 13
3_18_06 16, 8, 12
8_25_00 3, 11, 15, 7, 4, 12, 16, 8
6_27_14 10, 2, 6, 14, 11, 3
2_23_20 12, 4
4_31_02 5, 13, 1, 9
5_2_06 4, 12, 16, 8, 1
2_7_04 4, 12
8_4_12 7, 15, 3, 11, 8, 16, 4, 12
7_29_14 11, 3, 7, 15, 8, 16, 4
8_11_04 5, 13, 1, 9, 6, 14, 2, 10
8_25_18 12, 4, 8, 16, 13, 5, 9, 1
6_28_10 8, 16, 4, 12, 5, 13
5_22_22 13, 5, 9, 1, 10
1_1_12 7
6_17_20 11, 3, 7, 15, 12, 4
5_16_20 14, 6, 10, 2, 15
5_5_10 7, 15, 3, 11, 8
3_28_04 1, 9, 5
2_4_06 16, 8
4_11_20 13, 5, 9, 1
4_18_02 2, 10, 14, 6
3_2_18 6, 14, 2
5_29_06 7, 15, 3, 11, 4
5_19_16 9, 1, 5, 13, 2
7_31_18 13, 5, 9, 1, 2, 10, 14
6_3_12 7, 15, 3, 11, 8, 16
4_29_00 4,12, 16, 8
3_28_14 6, 14, 10
5_2_12 7, 15, 3, 11, 4
1_11_02 12
7_1_08 5, 13, 1, 9, 6, 14, 2
6_28_12 9, 1, 5, 13, 6, 14
2_26_10 4, 12
4_4_00 1, 9, 13, 5
8_19_04 3, 11, 15, 7, 4, 12, 16, 8
3_9_04 5, 13, 1
2_21_22 13, 5
7_31_04 6, 14, 2, 10, 11, 3, 7
3_5_14 9, 1, 5
7_3_16 9, 1, 5, 13, 2, 10, 14
4_3_06 4, 12, 16, 8
3_19_18 10, 2, 14
5_11_08 7, 15, 3, 11, 16
4_19_14 8, 16, 4, 12
3_2_08 1, 9, 13
5_18_22 12, 4, 8, 16, 9
3_25_22 14, 6, 10
1_3_00 9
5_28_10 8, 16, 4, 12, 13
7_30_02 5, 13, 1, 9, 14, 6, 10
8_27_02 4, 12, 16, 8, 5, 13, 1, 9
3_9_14 10, 2, 6
1_23_18 3
3_8_08 2, 10, 6
7_22_22 13, 5, 9, 1, 10, 2, 6
3_6_02 15, 7, 11
4_23_02 3, 11, 15, 7
5_20_20 11, 3, 7, 15, 16
4_9_10 8, 16, 4, 12
1_22_06 1
8_8_14 9, 1, 5, 13, 10, 2, 6, 14
6_11_04 5, 13, 1, 9, 6, 14
7_14_18 13, 5, 9, 1, 6, 14, 2
1_8_10 11
5_7_22 13, 5, 9, 1, 6
3_27_10 8, 16, 12
2_27_00 3, 11
3_3_00 1, 9, 5
7_28_14 10, 2, 6, 14, 15, 7, 11
3_15_12 10, 2, 14
8_1_04 3, 11, 15, 7, 4, 12, 16, 8
4_25_02 4, 12, 16, 8
1_16_20 2
3_8_02 15, 7, 3
3_4_14 4, 12, 8
4_4_20 11, 3, 7, 15
2_26_18 8, 16
5_24_16 10, 2, 6, 14, 15
1_25_06 6
7_12_16 11, 3, 7, 15, 16, 8, 12
8_31_20 14, 6, 10, 2, 11, 3, 7, 15
7_22_10 7, 15, 3, 11, 4, 12, 16
2_28_10 4, 12
3_5_18 11, 3, 7
5_9_22 14, 6, 10, 2, 15
6_22_12 8, 16, 4, 12, 5, 13
8_13_12 10, 2, 6, 14, 7, 15, 3, 11
4_25_16 11, 3, 7, 15
2_11_02 4, 12
2_29_06 7, 15
7_11_14 10, 2, 6, 14, 3, 11, 15
4_23_18 11, 3, 7, 15
7_24_06 5, 13, 1, 9, 10, 2, 6
6_4_12 7, 15, 3, 11, 4, 12
3_19_22 12, 4, 16
5_28_12 9, 1, 5, 13, 14
8_11_18 12, 4, 8, 16, 13, 5, 9, 1
3_24_08 2, 10, 6
1_13_22 15
8_17_22 12, 4, 8, 16, 13, 5, 9, 1
2_5_08 6, 14
5_3_00 1, 9, 13, 5, 10
7_21_08 6, 14, 2, 10, 7, 15, 3
1_24_12 12
3_12_16 7, 15, 11
4_27_04 5, 13, 1, 9
6_8_00 2, 10, 14, 6, 15, 7
6_7_16 10, 2, 6, 14, 11, 3
6_26_00 3, 11, 15, 7, 16, 8
3_23_16 10, 2, 14
8_14_16 12, 4, 8, 16, 9, 1, 5, 13
2_5_06 5, 13
1_24_22 1
6_23_02 3, 11, 15, 7, 4, 12
8_2_12 7, 15, 3, 11, 8, 16, 4, 12
4_9_02 4, 12, 16, 8
4_27_00 3, 11, 15, 7
7_24_04 4, 12, 16, 8, 9, 1, 5
8_12_04 5, 13, 1, 9, 6, 14, 2, 10
2_1_16 9, 1
7_17_08 5, 13, 1, 9, 6, 14, 2
1_11_10 16
4_23_08 6, 14, 2, 10
6_5_16 10, 2, 6, 14, 11, 3
1_21_18 11
6_11_00 3, 11, 15, 7, 4, 12
1_30_06 3
7_23_02 3, 11, 15, 7, 12, 4, 8
1_21_04 4
1_27_10 16
7_12_22 14, 6, 10, 2, 3, 11, 15
2_13_06 7, 15
2_18_00 13, 5
6_13_20 14, 6, 10, 2, 11, 3
6_28_16 11, 3, 7, 15, 8, 16
5_8_08 6, 14, 2, 10, 11
7_1_10 6, 14, 2, 10, 7, 15, 3
6_3_16 9, 1, 5, 13, 10, 2
1_4_16 13
2_2_14 4, 12
2_11_10 8, 16
1_11_08 15
5_30_10 9, 1, 5, 13, 2
8_20_18 10, 2, 6, 14, 11, 3, 7, 15
3_6_06 1, 9, 13
8_7_22 13, 5, 9, 1, 14, 6, 10, 2
5_24_10 7, 15, 3, 11, 12
5_28_14 10, 2, 6, 14, 15
5_21_18 11, 3, 7, 15, 12
6_15_14 11, 3, 7, 15, 8, 16
3_19_04 3, 11, 7
7_14_04 6, 14, 2, 10, 15, 7, 11
6_25_00 3, 11, 15, 7, 4, 12
2_24_08 2, 10
1_14_10 5
1_2_18 6
3_1_16 9, 1, 5
4_31_08 8, 16, 12
1_22_16 6
4_2_10 6, 14, 2, 10
8_10_18 12, 4, 8, 16, 13, 5, 9, 1
4_8_02 3, 11, 15, 7
4_8_00 2, 10, 14, 6
1_16_10 13
2_17_18 10, 2
5_2_10 6, 14, 2, 10, 3
3_11_10 8, 16, 12
3_23_00 2, 10, 6
4_14_18 13, 5, 9, 1
2_8_12 4, 12
3_15_20 14, 6, 2
4_14_00 4,12, 16, 8
2_6_22 9, 1
7_27_20 13, 5, 9, 1, 6, 14, 2
7_20_16 9, 1, 5, 13, 14, 6, 10
6_8_18 11, 3, 7, 15, 8, 16
6_2_12 7, 15, 3, 11, 4, 12
7_22_06 5, 13, 1, 9, 2, 10, 14
7_10_12 9, 1, 5, 13, 6, 14, 2
4_3_22 12, 4, 8, 16
8_30_18 13, 5, 9, 1, 10, 2, 6, 14
5_30_22 15, 7, 11, 3, 8
1_7_12 16
6_26_20 13, 5, 9, 1, 10, 2
7_28_00 3, 11, 15, 7, 8, 16, 4
5_12_00 3, 11, 15, 7, 8
7_31_22 15, 7, 11, 3, 4, 12, 16
5_15_18 13, 5, 9, 1, 2
5_3_16 9, 1, 5, 13, 2
3_14_02 1, 9, 13
5_17_22 12, 4, 8, 16, 13
2_20_06 16, 8
8_1_12 7, 15, 3, 11, 8, 16, 4, 12
1_8_14 13
4_26_08 7, 15, 3, 11
6_13_08 8, 16, 4, 12, 5, 13
5_12_04 5, 13, 1, 9, 10
3_22_22 9, 1, 5
3_9_10 8, 16, 4
6_18_16 9, 1, 5, 13, 6, 14
5_29_02 5, 13, 1, 9, 2
5_5_08 6, 14, 2, 10, 7
1_26_14 6
2_25_00 3, 11
