1_31_14 3
3_25_06 6, 14, 2
2_28_16 7, 15
5_10_16 11, 3, 7, 15, 8
3_8_00 14, 6, 2
5_26_04 5, 13, 1, 9, 2
2_29_14 11, 3
8_22_06 5, 13, 1, 9, 6, 14, 2, 10
6_3_12 7, 15, 3, 11, 8, 16
8_21_14 9, 1, 5, 13, 10, 2, 6, 14
2_23_10 7, 15
3_28_02 16, 8, 4
8_27_06 6, 14, 2, 10, 7, 15, 3, 11
4_5_00 2, 10, 14, 6
1_20_12 11
3_7_20 12, 4, 16
6_17_22 12, 4, 8, 16, 13, 5
1_2_18 6
1_14_06 3
6_23_18 11, 3, 7, 15, 12, 4
5_18_10 6, 14, 2, 10, 3
8_2_06 4, 12, 16, 8, 5, 13, 1, 9
5_3_22 12, 4, 8, 16, 5
6_6_00 2, 10, 14, 6, 15, 7
6_26_00 3, 11, 15, 7, 16, 8
3_20_02 14, 6, 2
8_29_22 15, 7, 11, 3, 12, 4, 8, 16
5_27_10 8, 16, 4, 12, 1
8_24_14 9, 1, 5, 13, 10, 2, 6, 14
5_19_06 4, 12, 16, 8, 13
6_19_18 10, 2, 6, 14, 11, 3
4_6_10 7, 15, 3, 11
6_6_02 3, 11, 15, 7, 16, 8
8_4_16 9, 1, 5, 13, 10, 2, 6, 14
2_21_14 9, 1
8_9_14 10, 2, 6, 14, 11, 3, 7, 15
6_3_18 10, 2, 6, 14, 11, 3
6_5_20 12, 4, 8, 16, 13, 5
8_19_00 1, 9, 13, 5, 2, 10, 14, 6
2_18_20 7, 15
2_3_00 1, 9
1_11_20 5
1_18_04 15
7_17_02 2, 10, 14, 6, 3, 11, 15
1_14_10 5
2_21_10 7, 15
4_25_18 12, 4, 8, 16
4_10_20 13, 5, 9, 1
5_3_04 3, 11, 15, 7, 12
7_2_08 5, 13, 1, 9, 2, 10, 14
8_5_20 12, 4, 8, 16, 13, 5, 9, 1
4_7_20 12, 4, 8, 16
8_3_18 10, 2, 6, 14, 11, 3, 7, 15
4_22_22 13, 5, 9, 1
8_1_12 7, 15, 3, 11, 8, 16, 4, 12
7_22_20 12, 4, 8, 16, 9, 1, 5
7_23_20 12, 4, 8, 16, 5, 13, 1
2_26_18 8, 16
6_10_10 8, 16, 4, 12, 5, 13
5_25_16 11, 3, 7, 15, 12
2_24_18 7, 15
6_30_00 4, 12, 16, 8, 13, 5
8_4_00 1, 9, 13, 5, 2, 10, 14, 6
2_27_12 9, 1
3_27_06 6, 14, 10
7_14_02 5, 13, 1, 9, 14, 6, 10
7_12_06 6, 14, 2, 10, 11, 3, 7
7_7_16 10, 2, 6, 14, 3, 11, 15
8_19_06 4, 12, 16, 8, 5, 13, 1, 9
4_10_22 14, 6, 10, 2
5_20_00 1, 9, 13, 5, 6
2_5_00 2, 10
3_30_02 1, 9, 13
5_25_08 7, 15, 3, 11, 8
1_8_12 12
2_11_02 4, 12
1_6_22 9
7_8_10 7, 15, 3, 11, 12, 4, 8
4_2_14 8, 16, 4, 12
5_15_20 14, 6, 10, 2, 3
4_11_18 12, 4, 8, 16
3_6_04 16, 8, 12
7_18_18 10, 2, 6, 14, 7, 15, 3
2_5_10 7, 15
2_19_06 4, 12
7_4_18 10, 2, 6, 14, 15, 7, 11
1_2_02 14
6_8_16 10, 2, 6, 14, 7, 15
2_13_22 15, 7
5_26_06 6, 14, 2, 10, 3
2_27_18 12, 4
2_24_10 3, 11
7_20_16 9, 1, 5, 13, 14, 6, 10
6_22_04 4, 12, 16, 8, 1, 9
2_9_00 3, 11
6_8_10 7, 15, 3, 11, 4, 12
3_9_08 7, 15, 3
3_27_10 8, 16, 12
2_6_10 3, 11
3_28_22 10, 2, 14
1_27_12 1
7_25_14 10, 2, 6, 14, 11, 3, 7
7_16_16 12, 4, 8, 16, 13, 5, 9
3_12_04 1, 9, 5
1_23_04 12
5_16_18 13, 5, 9, 1, 14
5_18_08 5, 13, 1, 9, 2
8_19_02 2, 10, 14, 6, 3, 11, 15, 7
5_27_12 9, 1, 5, 13, 2
8_15_18 13, 5, 9, 1, 10, 2, 6, 14
3_7_16 10, 2, 14
8_16_12 10, 2, 6, 14, 7, 15, 3, 11
4_11_02 4, 12, 16, 8
8_9_04 5, 13, 1, 9, 6, 14, 2, 10
5_30_02 5, 13, 1, 9, 14
1_26_22 10
4_3_14 8, 16, 4, 12
6_1_12 7, 15, 3, 11, 8, 16
4_8_04 4, 12, 16, 8
3_17_22 12, 4, 8
6_2_18 10, 2, 6, 14, 7, 15
6_25_22 14, 6, 10, 2, 15, 7
5_24_20 12, 4, 8, 16, 1
8_17_06 4, 12, 16, 8, 5, 13, 1, 9
3_21_00 2, 10, 14
7_17_20 11, 3, 7, 15, 12, 4, 8
8_27_16 11, 3, 7, 15, 12, 4, 8, 16
6_12_04 5, 13, 1, 9, 2, 10
3_7_12 8, 16, 12
4_24_20 12, 4, 8, 16
3_4_06 16, 8, 4
8_24_18 11, 3, 7, 15, 12, 4, 8, 16
5_1_06 4, 12, 16, 8, 5
5_20_22 12, 4, 8, 16, 1
2_17_18 10, 2
2_25_10 8, 16
7_7_18 11, 3, 7, 15, 4, 12, 16
3_9_06 6, 14, 2
6_24_14 9, 1, 5, 13, 6, 14
6_12_16 11, 3, 7, 15, 8, 16
2_1_06 4, 12
7_3_14 8, 16, 4, 12, 1, 9, 13
7_17_08 5, 13, 1, 9, 6, 14, 2
4_13_00 4,12, 16, 8
4_6_22 13, 5, 9, 1
2_24_20 8, 16
8_11_14 10, 2, 6, 14, 11, 3, 7, 15
2_22_00 14, 6
5_11_12 9, 1, 5, 13, 2
2_31_00 4,12
8_20_10 6, 14, 2, 10, 7, 15, 3, 11
7_17_16 9, 1, 5, 13, 10, 2, 6
2_8_02 15, 7
5_7_00 2, 10, 14, 6, 11
7_31_14 11, 3, 7, 15, 16, 8, 12
4_14_14 11, 3, 7, 15
1_9_12 9
4_2_02 2, 10, 14, 6
1_14_20 10
5_9_22 14, 6, 10, 2, 15
1_7_02 11
2_16_10 5, 13
6_2_06 4, 12, 16, 8, 1, 9
8_17_16 9, 1, 5, 13, 10, 2, 6, 14
7_18_16 9, 1, 5, 13, 6, 14, 2
5_27_08 7, 15, 3, 11, 16
8_20_06 4, 12, 16, 8, 5, 13, 1, 9
8_22_08 6, 14, 2, 10, 7, 15, 3, 11
1_9_16 11
3_11_06 6, 14, 10
3_27_16 11, 3, 15
2_20_08 1, 9
2_22_20 8, 16
4_14_00 4,12, 16, 8
3_4_10 2, 10, 6
3_18_16 5, 13, 1
8_23_20 12, 4, 8, 16, 13, 5, 9, 1
2_29_10 9, 1
1_24_08 10
2_8_10 3, 11
7_25_20 13, 5, 9, 1, 14, 6, 10
1_14_00 16
1_1_18 10
5_11_02 4, 12, 16, 8, 13
4_11_14 10, 2, 6, 14
3_2_12 3, 11, 15
8_20_14 8, 16, 4, 12, 9, 1, 5, 13
4_24_22 13, 5, 9, 1
5_28_08 7, 15, 3, 11, 12
6_27_20 13, 5, 9, 1, 14, 6
2_4_20 7, 15
1_25_18 12
2_1_16 9, 1
1_7_06 13
1_10_04 1
3_20_14 4, 12, 8
3_31_12 10, 2, 14
6_1_16 9, 1, 5, 13, 10, 2
7_8_04 4, 12, 16, 8, 9, 1, 5
1_12_02 8
5_6_08 6, 14, 2, 10, 3
6_14_00 4, 12, 16, 8, 13, 5
2_12_14 6, 14
5_1_00 1, 9, 13, 5, 2
7_8_02 3, 11, 15, 7, 8, 16, 4
1_24_14 13
1_13_18 13
1_5_20 12
6_13_10 9, 1, 5, 13, 6, 14
8_5_04 4, 12, 16, 8, 5, 13, 1, 9
7_7_00 2, 10, 14, 6, 11, 3, 7
3_14_10 5, 13, 1
1_12_10 12
4_10_08 7, 15, 3, 11
1_25_08 7
3_9_18 12, 4, 8
5_14_08 8, 16, 4, 12, 1
3_11_10 8, 16, 12
1_1_06 4
1_4_22 16
6_2_10 6, 14, 2, 10, 3, 11
4_27_00 3, 11, 15, 7
8_25_14 10, 2, 6, 14, 11, 3, 7, 15
7_1_18 10, 2, 6, 14, 11, 3, 7
7_19_12 7, 15, 3, 11, 16, 8, 12
2_5_04 4, 12
6_5_18 11, 3, 7, 15, 12, 4
6_17_10 6, 14, 2, 10, 7, 15
7_10_02 4, 12, 16, 8, 1, 9, 13
1_26_16 7
2_21_20 12, 4
1_1_22 12
5_28_18 12, 4, 8, 16, 1
3_23_02 3, 11, 7
8_30_08 8, 16, 4, 12, 5, 13, 1, 9
1_25_14 10
6_31_18 13, 5, 9, 1, 10, 2
7_20_00 1, 9, 13, 5, 6, 14, 2
4_4_12 7, 15, 3, 11
3_11_16 11, 3, 15
7_1_04 3, 11, 15, 7, 4, 12, 16
5_16_06 7, 15, 3, 11, 8
3_28_14 6, 14, 10
7_11_10 8, 16, 4, 12, 1, 9, 13
6_2_22 12, 4, 8, 16, 9, 1
4_3_22 12, 4, 8, 16
7_25_12 9, 1, 5, 13, 10, 2, 6
7_24_14 9, 1, 5, 13, 14, 6, 10
8_4_04 3, 11, 15, 7, 4, 12, 16, 8
8_24_04 4, 12, 16, 8, 5, 13, 1, 9
4_20_16 9, 1, 5, 13
8_6_12 8, 16, 4, 12, 9, 1, 5, 13
3_31_04 6, 14, 10
2_27_04 5, 13
5_21_22 13, 5, 9, 1, 14
3_18_18 6, 14, 2
8_22_20 12, 4, 8, 16, 13, 5, 9, 1
8_26_06 6, 14, 2, 10, 7, 15, 3, 11
8_4_06 4, 12, 16, 8, 5, 13, 1, 9
5_21_16 10, 2, 6, 14, 11
3_30_16 8, 16, 4
2_23_14 9, 1
8_13_20 14, 6, 10, 2, 11, 3, 7, 15
6_4_20 11, 3, 7, 15, 8, 16
2_12_04 1, 9
2_11_22 14, 6
2_23_02 3, 11
7_2_14 8, 16, 4, 12, 5, 13, 1
6_28_02 4, 12, 16, 8, 1, 9
5_13_14 11, 3, 7, 15, 8
7_7_22 13, 5, 9, 1, 6, 14, 2
3_1_16 9, 1, 5
2_22_16 6, 14
3_21_08 6, 14, 2
6_21_08 6, 14, 2, 10, 7, 15
7_27_08 7, 15, 3, 11, 16, 8, 12
4_5_22 13, 5, 9, 1
2_10_20 9, 1
2_17_16 9, 1
8_25_20 13, 5, 9, 1, 14, 6, 10, 2
3_20_16 5, 13, 9
4_30_02 5, 13, 1, 9
8_31_02 5, 13, 1, 9, 2, 10, 14, 6
5_23_08 6, 14, 2, 10, 15
4_11_20 13, 5, 9, 1
2_18_04 15, 7
8_10_18 12, 4, 8, 16, 13, 5, 9, 1
2_9_18 12, 4
2_19_22 12, 4
7_1_16 9, 1, 5, 13, 10, 2, 6
2_21_18 11, 3
4_19_20 11, 3, 7, 15
1_30_08 4
7_31_10 9, 1, 5, 13, 14, 6, 10
5_16_20 14, 6, 10, 2, 15
8_23_08 6, 14, 2, 10, 7, 15, 3, 11
2_12_16 7, 15
5_30_04 6, 14, 2, 10, 15
2_4_18 6, 14
3_23_22 13, 5, 1
5_27_18 12, 4, 8, 16, 5
3_22_10 3, 11, 15
3_1_18 10, 2, 6
4_2_20 11, 3, 7, 15
8_29_14 11, 3, 7, 15, 8, 16, 4, 12
1_21_06 5
4_18_12 7, 15, 3, 11
4_12_18 12, 4, 8, 16
5_22_20 12, 4, 8, 16, 9
2_7_08 6, 14
6_23_06 5, 13, 1, 9, 6, 14
2_16_02 1, 9
4_27_06 6, 14, 2, 10
7_2_00 1, 9, 13, 5, 14, 6, 10
3_16_10 5, 13, 9
1_19_00 9
8_18_22 12, 4, 8, 16, 13, 5, 9, 1
3_23_04 4, 12, 8
8_24_08 6, 14, 2, 10, 7, 15, 3, 11
4_31_12 10, 2, 6, 14
1_8_10 11
3_17_00 1, 9, 13
7_25_02 4, 12, 16, 8, 5, 13, 1
3_13_06 7, 15, 3
7_13_20 14, 6, 10, 2, 11, 3, 7
2_10_08 3, 11
1_1_08 5
7_15_18 13, 5, 9, 1, 2, 10, 14
4_11_16 11, 3, 7, 15
7_6_16 10, 2, 6, 14, 7, 15, 3
5_9_14 10, 2, 6, 14, 11
3_18_14 4, 12, 16
3_6_00 14, 6, 10
8_11_08 7, 15, 3, 11, 8, 16, 4, 12
8_21_20 12, 4, 8, 16, 13, 5, 9, 1
1_10_14 6
7_16_22 15, 7, 11, 3, 16, 8, 12
1_13_02 5
2_9_20 13, 5
3_13_02 5, 13, 1
7_23_16 10, 2, 6, 14, 3, 11, 15
6_1_18 10, 2, 6, 14, 11, 3
8_18_20 11, 3, 7, 15, 12, 4, 8, 16
1_8_18 15
4_27_10 8, 16, 4, 12
7_11_12 9, 1, 5, 13, 2, 10, 14
2_28_20 9, 1
5_12_10 8, 16, 4, 12, 13
3_4_02 14, 6, 2
6_10_14 10, 2, 6, 14, 7, 15
6_19_10 6, 14, 2, 10, 7, 15
8_8_04 4, 12, 16, 8, 5, 13, 1, 9
8_27_04 5, 13, 1, 9, 6, 14, 2, 10
8_6_14 9, 1, 5, 13, 10, 2, 6, 14
2_1_22 12, 4
5_16_04 6, 14, 2, 10, 7
8_27_10 8, 16, 4, 12, 9, 1, 5, 13
5_7_16 10, 2, 6, 14, 3
8_25_04 5, 13, 1, 9, 6, 14, 2, 10
5_28_12 9, 1, 5, 13, 14
8_26_10 8, 16, 4, 12, 9, 1, 5, 13
5_10_14 10, 2, 6, 14, 7
3_7_14 9, 1, 13
1_10_08 3
2_24_00 14, 6
6_9_16 11, 3, 7, 15, 12, 4
1_15_16 4
5_8_00 2, 10, 14, 6, 7
6_2_20 11, 3, 7, 15, 8, 16
7_12_08 7, 15, 3, 11, 12, 4, 8
6_29_16 12, 4, 8, 16, 9, 1
6_29_04 6, 14, 2, 10, 3, 11
7_19_06 4, 12, 16, 8, 13, 5, 9
8_24_16 10, 2, 6, 14, 11, 3, 7, 15
7_13_08 8, 16, 4, 12, 5, 13, 1
2_13_10 9, 1
8_16_10 9, 1, 5, 13, 6, 14, 2, 10
5_29_20 14, 6, 10, 2, 11
8_17_18 10, 2, 6, 14, 11, 3, 7, 15
6_18_00 1, 9, 13, 5, 14, 6
7_22_12 8, 16, 4, 12, 5, 13, 1
8_5_08 6, 14, 2, 10, 7, 15, 3, 11
4_8_08 6, 14, 2, 10
4_10_00 3, 11, 15, 7
1_22_10 3
7_30_14 11, 3, 7, 15, 4, 12, 16
1_9_06 6
4_9_18 12, 4, 8, 16
8_16_00 4, 12, 16, 8, 1, 9, 13, 5
6_2_12 7, 15, 3, 11, 4, 12
3_28_18 8, 16, 12
3_11_08 7, 15, 11
4_2_10 6, 14, 2, 10
6_31_22 15, 7, 11, 3, 12, 4
5_31_00 4, 12, 16, 8, 9
8_15_04 6, 14, 2, 10, 3, 11, 15, 7
1_12_08 11
6_18_16 9, 1, 5, 13, 6, 14
7_22_04 4, 12, 16, 8, 1, 9, 13
3_15_08 8, 16, 12
1_29_10 9
5_6_02 3, 11, 15, 7, 16
7_16_06 7, 15, 3, 11, 8, 16, 4
7_6_08 6, 14, 2, 10, 3, 11, 15
7_24_18 11, 3, 7, 15, 16, 8, 12
3_18_04 15, 7, 11
1_16_02 9
4_1_12 7, 15, 3, 11
4_26_08 7, 15, 3, 11
4_4_00 1, 9, 13, 5
6_23_22 13, 5, 9, 1, 14, 6
4_13_08 8, 16, 4, 12
7_16_20 14, 6, 10, 2, 15, 7, 11
5_5_20 12, 4, 8, 16, 13
7_11_18 12, 4, 8, 16, 5, 13, 1
4_18_18 10, 2, 6, 14
2_16_18 9, 1
3_5_02 3, 11, 15
1_20_10 10
3_27_04 5, 13, 9
3_27_08 7, 15, 11
5_15_18 13, 5, 9, 1, 2
3_15_18 13, 5, 1
8_14_12 10, 2, 6, 14, 7, 15, 3, 11
5_12_18 12, 4, 8, 16, 1
7_23_04 4, 12, 16, 8, 13, 5, 9
6_16_02 5, 13, 1, 9, 14, 6
7_16_02 5, 13, 1, 9, 6, 14, 2
8_19_08 5, 13, 1, 9, 6, 14, 2, 10
2_20_16 5, 13
1_24_06 9
2_3_16 9, 1
6_2_14 8, 16, 4, 12, 5, 13
8_18_10 6, 14, 2, 10, 7, 15, 3, 11
5_23_02 3, 11, 15, 7, 12
1_22_00 14
8_8_00 2, 10, 14, 6, 3, 11, 15, 7
2_31_12 10, 2
8_6_06 5, 13, 1, 9, 6, 14, 2, 10
8_1_02 2, 10, 14, 6, 3, 11, 15, 7
1_26_14 6
4_30_22 15, 7, 11, 3
1_23_18 3
8_3_10 6, 14, 2, 10, 7, 15, 3, 11
8_27_18 12, 4, 8, 16, 13, 5, 9, 1
8_8_14 9, 1, 5, 13, 10, 2, 6, 14
3_9_16 11, 3, 7
2_13_02 5, 13
3_3_00 1, 9, 5
6_31_06 7, 15, 3, 11, 4, 12
5_30_00 4, 12, 16, 8, 13
2_14_22 11, 3
5_25_00 3, 11, 15, 7, 4
3_3_02 2, 10, 6
4_27_12 9, 1, 5, 13
6_15_08 8, 16, 4, 12, 5, 13
8_26_22 14, 6, 10, 2, 15, 7, 11, 3
5_25_02 4, 12, 16, 8, 5
4_23_16 10, 2, 6, 14
1_9_04 5
2_18_14 4, 12
7_8_00 2, 10, 14, 6, 7, 15, 3
3_4_14 4, 12, 8
7_11_20 13, 5, 9, 1, 6, 14, 2
1_25_12 9
3_8_22 9, 1, 13
3_12_18 8, 16, 12
1_21_14 9
5_3_18 10, 2, 6, 14, 3
4_12_22 14, 6, 10, 2
7_17_14 8, 16, 4, 12, 9, 1, 5
1_3_12 15
7_12_18 12, 4, 8, 16, 1, 9, 13
3_25_14 10, 2, 6
2_28_02 16, 8
7_9_12 9, 1, 5, 13, 10, 2, 6
7_29_02 5, 13, 1, 9, 2, 10, 14
8_21_04 4, 12, 16, 8, 5, 13, 1, 9
5_24_22 13, 5, 9, 1, 2
4_28_12 9, 1, 5, 13
4_17_22 12, 4, 8, 16
1_23_16 2
8_29_16 12, 4, 8, 16, 9, 1, 5, 13
1_11_00 11
4_7_22 13, 5, 9, 1
1_31_00 12
5_17_06 4, 12, 16, 8, 5
7_1_20 11, 3, 7, 15, 12, 4, 8
4_1_18 10, 2, 6, 14
1_21_02 3
3_29_22 15, 7, 11
2_9_12 9, 1
5_18_00 1, 9, 13, 5, 14
6_21_12 8, 16, 4, 12, 9, 1
7_15_08 8, 16, 4, 12, 13, 5, 9
6_7_10 7, 15, 3, 11, 8, 16
2_31_18 13, 5
5_31_04 6, 14, 2, 10, 11
4_31_00 4,12, 16, 8
8_30_20 14, 6, 10, 2, 11, 3, 7, 15
4_24_00 2, 10, 14, 6
3_24_10 3, 11, 7
4_24_08 6, 14, 2, 10
3_30_10 5, 13, 1
3_29_18 13, 5, 9
3_24_14 5, 13, 9
1_12_14 14
8_1_08 5, 13, 1, 9, 6, 14, 2, 10
8_3_06 4, 12, 16, 8, 5, 13, 1, 9
3_1_10 6, 14, 2
6_17_16 9, 1, 5, 13, 10, 2
5_20_14 8, 16, 4, 12, 13
5_26_22 14, 6, 10, 2, 11
7_14_10 9, 1, 5, 13, 2, 10, 14
4_9_06 6, 14, 2, 10
6_2_00 1, 9, 13, 5, 14, 6
6_4_02 2, 10, 14, 6, 15, 7
5_12_12 9, 1, 5, 13, 14
7_1_14 8, 16, 4, 12, 9, 1, 5
7_26_08 7, 15, 3, 11, 4, 12, 16
2_7_14 9, 1
3_11_14 10, 2, 14
6_5_00 2, 10, 14, 6, 3, 11
5_25_20 13, 5, 9, 1, 14
2_13_06 7, 15
4_31_10 9, 1, 5, 13
3_20_00 13, 5, 1
3_30_14 7, 15, 3
3_29_14 11, 3, 7
4_29_04 6, 14, 2, 10
1_10_10 4
8_7_00 2, 10, 14, 6, 3, 11, 15, 7
6_8_22 13, 5, 9, 1, 10, 2
7_23_10 7, 15, 3, 11, 16, 8, 12
2_8_18 7, 15
7_9_02 4, 12, 16, 8, 5, 13, 1
7_27_06 6, 14, 2, 10, 15, 7, 11
4_9_04 5, 13, 1, 9
4_2_18 10, 2, 6, 14
8_2_14 8, 16, 4, 12, 9, 1, 5, 13
4_9_20 13, 5, 9, 1
7_14_22 15, 7, 11, 3, 8, 16, 4
7_29_14 11, 3, 7, 15, 8, 16, 4
6_7_04 4, 12, 16, 8, 5, 13
6_14_12 10, 2, 6, 14, 3, 11
2_3_06 4, 12
6_21_22 13, 5, 9, 1, 14, 6
3_8_18 7, 15, 11
6_9_14 10, 2, 6, 14, 11, 3
2_14_04 2, 10
5_4_18 10, 2, 6, 14, 15
8_28_08 7, 15, 3, 11, 8, 16, 4, 12
4_23_22 13, 5, 9, 1
7_30_04 6, 14, 2, 10, 15, 7, 11
2_5_06 5, 13
1_1_02 2
2_27_16 11, 3
2_12_02 16, 8
6_4_10 6, 14, 2, 10, 3, 11
2_16_14 7, 15
4_14_16 12, 4, 8, 16
6_9_06 6, 14, 2, 10, 7, 15
3_22_12 4, 12, 16
1_17_20 11
1_8_14 13
3_30_08 4, 12, 16
6_7_22 13, 5, 9, 1, 14, 6
2_6_06 1, 9
4_22_04 4, 12, 16, 8
1_19_08 13
5_30_16 12, 4, 8, 16, 5
4_16_06 7, 15, 3, 11
3_14_06 3, 11, 15
1_11_08 15
7_27_18 12, 4, 8, 16, 5, 13, 1
5_22_16 10, 2, 6, 14, 7
2_5_12 8, 16
1_17_22 12
3_31_22 15, 7, 3
7_24_06 5, 13, 1, 9, 10, 2, 6
7_16_00 4, 12, 16, 8, 5, 13, 1
8_26_02 4, 12, 16, 8, 5, 13, 1, 9
2_17_10 6, 14
5_4_10 6, 14, 2, 10, 11
3_31_20 14, 6, 2
3_3_14 8, 16, 12
6_31_02 5, 13, 1, 9, 2, 10
4_7_14 9, 1, 5, 13
3_18_10 2, 10, 14
8_18_16 9, 1, 5, 13, 10, 2, 6, 14
1_15_12 2
6_17_20 11, 3, 7, 15, 12, 4
8_4_22 12, 4, 8, 16, 13, 5, 9, 1
6_15_06 7, 15, 3, 11, 4, 12
6_16_10 9, 1, 5, 13, 2, 10
8_13_14 11, 3, 7, 15, 8, 16, 4, 12
1_2_10 2
5_7_18 11, 3, 7, 15, 4
1_6_14 5
6_13_00 4, 12, 16, 8, 1, 9
3_12_16 7, 15, 11
7_26_14 10, 2, 6, 14, 7, 15, 3
4_16_04 6, 14, 2, 10
7_16_18 13, 5, 9, 1, 14, 6, 10
5_26_10 8, 16, 4, 12, 5
2_31_02 5, 13
2_21_02 3, 11
8_18_00 1, 9, 13, 5, 2, 10, 14, 6
3_13_14 11, 3, 7
7_27_02 4, 12, 16, 8, 13, 5, 9
1_31_12 2
1_1_14 8
3_30_18 9, 1, 5
2_11_18 12, 4
8_30_10 9, 1, 5, 13, 6, 14, 2, 10
2_25_16 11, 3
1_13_04 6
8_28_00 3, 11, 15, 7, 4, 12, 16, 8
1_23_02 11
3_12_10 4, 12, 8
2_26_06 2, 10
1_6_08 2
1_3_02 10
7_28_06 6, 14, 2, 10, 11, 3, 7
1_23_06 13
8_27_08 7, 15, 3, 11, 8, 16, 4, 12
3_31_10 9, 1, 13
1_5_16 10
1_19_18 2
3_29_08 8, 16, 4
1_3_04 11
5_21_20 12, 4, 8, 16, 13
8_19_16 9, 1, 5, 13, 10, 2, 6, 14
8_9_18 12, 4, 8, 16, 13, 5, 9, 1
6_23_04 4, 12, 16, 8, 5, 13
8_25_10 8, 16, 4, 12, 9, 1, 5, 13
6_5_02 3, 11, 15, 7, 4, 12
4_15_12 10, 2, 6, 14
7_30_08 8, 16, 4, 12, 1, 9, 13
4_3_16 9, 1, 5, 13
3_4_20 7, 15, 11
1_7_22 5
7_10_08 7, 15, 3, 11, 4, 12, 16
7_12_20 13, 5, 9, 1, 2, 10, 14
3_14_16 8, 16, 4
8_8_06 5, 13, 1, 9, 6, 14, 2, 10
5_3_10 6, 14, 2, 10, 15
8_12_06 6, 14, 2, 10, 7, 15, 3, 11
1_6_12 4
1_15_04 14
5_28_02 4, 12, 16, 8, 9
3_22_16 6, 14, 2
7_22_14 9, 1, 5, 13, 6, 14, 2
6_26_16 11, 3, 7, 15, 8, 16
5_16_10 9, 1, 5, 13, 10
3_31_14 11, 3, 15
2_31_20 14, 6
7_18_20 11, 3, 7, 15, 8, 16, 4
4_5_20 12, 4, 8, 16
1_3_10 14
6_31_12 10, 2, 6, 14, 7, 15
2_25_06 6, 14
7_24_04 4, 12, 16, 8, 9, 1, 5
2_23_22 13, 5
6_26_08 7, 15, 3, 11, 4, 12
2_19_10 6, 14
6_11_18 12, 4, 8, 16, 13, 5
7_2_04 3, 11, 15, 7, 16, 8, 12
7_24_12 8, 16, 4, 12, 13, 5, 9
8_23_10 7, 15, 3, 11, 8, 16, 4, 12
8_29_10 9, 1, 5, 13, 6, 14, 2, 10
4_12_10 8, 16, 4, 12
2_19_12 7, 15
3_24_00 14, 6, 2
8_14_00 4, 12, 16, 8, 1, 9, 13, 5
1_14_22 11
5_24_02 3, 11, 15, 7, 8
8_14_22 15, 7, 11, 3, 12, 4, 8, 16
8_9_02 4, 12, 16, 8, 5, 13, 1, 9
4_4_20 11, 3, 7, 15
1_23_00 10
7_3_10 6, 14, 2, 10, 15, 7, 11
3_20_04 15, 7, 3
4_26_18 12, 4, 8, 16
1_21_08 6
5_17_00 1, 9, 13, 5, 2
3_10_22 10, 2, 6
4_21_00 2, 10, 14, 6
6_8_04 4, 12, 16, 8, 1, 9
8_7_18 11, 3, 7, 15, 12, 4, 8, 16
2_3_02 2, 10
3_7_04 4, 12, 8
6_20_08 5, 13, 1, 9, 2, 10
2_21_06 5, 13
5_22_04 4, 12, 16, 8, 1
1_18_16 5
5_10_12 9, 1, 5, 13, 6
7_31_00 4, 12, 16, 8, 9, 1, 5
8_12_20 13, 5, 9, 1, 14, 6, 10, 2
4_19_16 9, 1, 5, 13
5_21_06 5, 13, 1, 9, 6
3_29_00 4,12, 16
8_12_12 9, 1, 5, 13, 10, 2, 6, 14
1_27_14 2
7_3_00 1, 9, 13, 5, 10, 2, 6
7_29_16 12, 4, 8, 16, 9, 1, 5
1_8_00 6
2_21_04 4, 12
8_16_16 12, 4, 8, 16, 9, 1, 5, 13
8_30_06 7, 15, 3, 11, 4, 12, 16, 8
6_27_22 14, 6, 10, 2, 15, 7
2_26_20 9, 1
8_16_14 11, 3, 7, 15, 8, 16, 4, 12
5_27_14 10, 2, 6, 14, 3
3_20_10 2, 10, 6
2_2_22 8, 16
7_21_00 2, 10, 14, 6, 3, 11, 15
6_26_22 14, 6, 10, 2, 11, 3
2_26_22 10, 2
2_1_10 6, 14
7_10_14 10, 2, 6, 14, 7, 15, 3
5_23_16 10, 2, 6, 14, 3
7_6_10 7, 15, 3, 11, 4, 12, 16
7_13_04 6, 14, 2, 10, 3, 11, 15
4_4_02 2, 10, 14, 6
5_11_20 13, 5, 9, 1, 6
8_15_16 12, 4, 8, 16, 9, 1, 5, 13
4_11_12 9, 1, 5, 13
8_16_02 5, 13, 1, 9, 2, 10, 14, 6
8_13_02 5, 13, 1, 9, 2, 10, 14, 6
8_29_20 14, 6, 10, 2, 11, 3, 7, 15
1_14_18 9
6_11_04 5, 13, 1, 9, 6, 14
1_15_14 3
4_6_04 4, 12, 16, 8
5_19_16 9, 1, 5, 13, 2
4_18_08 5, 13, 1, 9
7_15_10 9, 1, 5, 13, 14, 6, 10
3_4_18 6, 14, 10
1_2_12 3
7_5_02 3, 11, 15, 7, 4, 12, 16
4_25_20 13, 5, 9, 1
6_15_12 10, 2, 6, 14, 7, 15
1_24_04 8
2_2_04 15, 7
6_18_18 10, 2, 6, 14, 7, 15
2_5_14 9, 1
4_18_00 1, 9, 13, 5
8_22_02 3, 11, 15, 7, 4, 12, 16, 8
6_27_08 7, 15, 3, 11, 8, 16
5_27_02 4, 12, 16, 8, 13
6_9_00 3, 11, 15, 7, 4, 12
8_28_22 14, 6, 10, 2, 15, 7, 11, 3
8_5_14 9, 1, 5, 13, 10, 2, 6, 14
2_15_02 5, 13
5_13_10 9, 1, 5, 13, 6
2_12_20 9, 1
6_18_02 2, 10, 14, 6, 15, 7
7_23_12 8, 16, 4, 12, 1, 9, 13
1_22_06 1
2_26_14 6, 14
3_23_06 5, 13, 9
1_20_20 15
3_26_04 1, 9, 13
4_20_02 2, 10, 14, 6
3_10_00 15, 7, 11
1_19_06 12
7_24_08 6, 14, 2, 10, 11, 3, 7
3_11_20 13, 5, 1
3_28_20 9, 1, 13
3_7_10 7, 15, 11
6_6_20 12, 4, 8, 16, 9, 1
5_30_08 8, 16, 4, 12, 1
3_22_04 16, 8, 12
8_6_22 13, 5, 9, 1, 14, 6, 10, 2
4_26_22 14, 6, 10, 2
3_19_10 6, 14, 10
3_6_06 1, 9, 13
1_28_10 12
4_30_12 10, 2, 6, 14
1_13_00 4
6_3_22 12, 4, 8, 16, 13, 5
5_2_18 10, 2, 6, 14, 7
3_23_18 11, 3, 15
6_27_04 5, 13, 1, 9, 6, 14
6_20_16 9, 1, 5, 13, 6, 14
5_22_12 8, 16, 4, 12, 5
7_15_02 5, 13, 1, 9, 10, 2, 6
2_11_08 7, 15
8_29_08 8, 16, 4, 12, 5, 13, 1, 9
5_29_02 5, 13, 1, 9, 2
5_1_18 10, 2, 6, 14, 11
6_13_12 10, 2, 6, 14, 7, 15
3_22_02 15, 7, 11
4_12_12 9, 1, 5, 13
6_8_06 5, 13, 1, 9, 2, 10
4_13_02 5, 13, 1, 9
1_4_06 8
3_7_18 11, 3, 15
3_12_02 16, 8, 4
2_29_16 12, 4
6_12_18 12, 4, 8, 16, 9, 1
2_30_18 9, 1
1_3_14 16
5_6_12 8, 16, 4, 12, 5
4_29_02 5, 13, 1, 9
6_25_06 6, 14, 2, 10, 7, 15
5_5_00 2, 10, 14, 6, 3
8_9_20 13, 5, 9, 1, 14, 6, 10, 2
2_2_20 7, 15
7_20_14 8, 16, 4, 12, 13, 5, 9
6_9_10 8, 16, 4, 12, 9, 1
2_12_00 15, 7
3_10_06 2, 10, 14
3_25_02 4, 12, 16
4_31_06 7, 15, 3, 11
1_16_22 3
1_7_12 16
6_24_12 8, 16, 4, 12, 5, 13
2_14_02 1, 9
7_6_20 12, 4, 8, 16, 9, 1, 5
7_5_14 9, 1, 5, 13, 10, 2, 6
7_19_00 1, 9, 13, 5, 10, 2, 6
5_14_04 6, 14, 2, 10, 15
4_16_00 4,12, 16, 8
5_18_12 7, 15, 3, 11, 4
2_7_06 5, 13
2_2_08 1, 9
5_23_22 13, 5, 9, 1, 6
3_6_22 9, 1, 5
4_20_06 4, 12, 16, 8
4_25_06 6, 14, 2, 10
8_8_20 12, 4, 8, 16, 13, 5, 9, 1
3_23_16 10, 2, 14
8_20_04 3, 11, 15, 7, 4, 12, 16, 8
3_15_20 14, 6, 2
4_18_16 9, 1, 5, 13
2_24_04 16, 8
6_28_06 6, 14, 2, 10, 3, 11
4_19_10 6, 14, 2, 10
5_26_14 10, 2, 6, 14, 7
2_17_02 2, 10
1_30_16 8
7_9_14 10, 2, 6, 14, 11, 3, 7
3_3_12 7, 15, 11
7_11_02 4, 12, 16, 8, 13, 5, 9
7_20_02 2, 10, 14, 6, 7, 15, 3
8_30_02 5, 13, 1, 9, 2, 10, 14, 6
4_6_16 10, 2, 6, 14
7_12_22 14, 6, 10, 2, 3, 11, 15
3_3_20 11, 3, 15
1_22_04 16
7_19_22 12, 4, 8, 16, 5, 13, 1
4_19_08 5, 13, 1, 9
3_21_04 4, 12, 16
1_19_04 11
8_2_22 12, 4, 8, 16, 13, 5, 9, 1
4_5_08 6, 14, 2, 10
1_25_20 13
8_26_14 10, 2, 6, 14, 11, 3, 7, 15
4_19_22 12, 4, 8, 16
3_2_14 4, 12, 16
8_6_02 3, 11, 15, 7, 4, 12, 16, 8
2_11_04 5, 13
1_20_06 8
8_11_18 12, 4, 8, 16, 13, 5, 9, 1
6_7_16 10, 2, 6, 14, 11, 3
2_18_10 2, 10
3_12_06 2, 10, 6
4_27_18 12, 4, 8, 16
4_5_10 7, 15, 3, 11
6_9_12 9, 1, 5, 13, 10, 2
2_22_06 1, 9
5_5_04 4, 12, 16, 8, 5
5_18_16 9, 1, 5, 13, 6
7_13_02 5, 13, 1, 9, 2, 10, 14
7_11_14 10, 2, 6, 14, 3, 11, 15
8_14_20 14, 6, 10, 2, 11, 3, 7, 15
7_3_08 5, 13, 1, 9, 14, 6, 10
2_15_06 7, 15
2_15_10 9, 1
5_4_22 12, 4, 8, 16, 1
2_25_04 5, 13
7_18_02 2, 10, 14, 6, 15, 7, 11
2_20_10 2, 10
2_16_00 16, 8
1_17_02 2
4_5_16 10, 2, 6, 14
5_28_22 14, 6, 10, 2, 3
3_5_12 8, 16, 4
5_19_04 3, 11, 15, 7, 12
3_1_12 7, 15, 3
7_27_16 11, 3, 7, 15, 4, 12, 16
3_27_00 3, 11, 7
8_28_18 12, 4, 8, 16, 13, 5, 9, 1
4_29_18 13, 5, 9, 1
4_22_08 6, 14, 2, 10
5_18_06 4, 12, 16, 8, 1
1_26_00 15
6_29_10 9, 1, 5, 13, 6, 14
1_30_02 1
5_13_06 7, 15, 3, 11, 4
6_6_06 5, 13, 1, 9, 2, 10
7_10_00 3, 11, 15, 7, 16, 8, 12
5_29_16 12, 4, 8, 16, 9
7_23_18 11, 3, 7, 15, 4, 12, 16
5_20_16 9, 1, 5, 13, 14
7_31_12 10, 2, 6, 14, 15, 7, 11
1_10_12 5
5_6_14 9, 1, 5, 13, 6
6_29_14 11, 3, 7, 15, 8, 16
7_26_06 6, 14, 2, 10, 3, 11, 15
8_28_12 9, 1, 5, 13, 10, 2, 6, 14
5_17_18 10, 2, 6, 14, 11
1_18_14 4
6_30_14 11, 3, 7, 15, 4, 12
8_6_10 7, 15, 3, 11, 8, 16, 4, 12
8_4_18 10, 2, 6, 14, 11, 3, 7, 15
7_5_22 13, 5, 9, 1, 14, 6, 10
4_20_04 3, 11, 15, 7
2_14_10 5, 13
3_31_18 13, 5, 1
2_31_22 15, 7
4_17_18 10, 2, 6, 14
5_13_16 12, 4, 8, 16, 9
6_29_20 14, 6, 10, 2, 11, 3
1_26_04 1
6_23_08 6, 14, 2, 10, 7, 15
4_25_22 14, 6, 10, 2
5_2_08 5, 13, 1, 9, 2
6_11_08 7, 15, 3, 11, 8, 16
7_8_18 11, 3, 7, 15, 16, 8, 12
2_27_10 8, 16
6_28_22 14, 6, 10, 2, 11, 3
1_12_20 1
2_29_12 10, 2
2_5_20 12, 4
8_17_02 2, 10, 14, 6, 3, 11, 15, 7
2_30_04 2, 10
4_23_20 12, 4, 8, 16
1_29_12 10
3_3_10 6, 14, 10
7_16_10 9, 1, 5, 13, 10, 2, 6
8_4_14 8, 16, 4, 12, 9, 1, 5, 13
6_1_14 8, 16, 4, 12, 9, 1
2_21_00 2, 10
2_18_18 6, 14
2_6_12 4, 12
8_6_18 11, 3, 7, 15, 12, 4, 8, 16
3_21_18 11, 3, 7
1_1_12 7
4_1_02 2, 10, 14, 6
6_22_10 7, 15, 3, 11, 4, 12
1_23_22 5
7_4_10 6, 14, 2, 10, 11, 3, 7
6_6_16 10, 2, 6, 14, 7, 15
4_13_10 9, 1, 5, 13
8_6_00 2, 10, 14, 6, 3, 11, 15, 7
4_6_02 3, 11, 15, 7
3_2_08 1, 9, 13
4_9_02 4, 12, 16, 8
1_17_00 1
7_18_04 3, 11, 15, 7, 16, 8, 12
4_21_06 5, 13, 1, 9
8_17_00 1, 9, 13, 5, 2, 10, 14, 6
2_29_06 7, 15
7_25_00 3, 11, 15, 7, 4, 12, 16
8_21_06 5, 13, 1, 9, 6, 14, 2, 10
6_4_18 10, 2, 6, 14, 7, 15
2_8_08 2, 10
4_21_08 6, 14, 2, 10
8_29_18 13, 5, 9, 1, 10, 2, 6, 14
5_8_10 7, 15, 3, 11, 12
8_28_16 11, 3, 7, 15, 12, 4, 8, 16
2_7_12 8, 16
3_9_12 9, 1, 5
6_7_18 11, 3, 7, 15, 12, 4
4_7_12 8, 16, 4, 12
3_21_16 10, 2, 6
8_23_06 5, 13, 1, 9, 6, 14, 2, 10
5_10_00 3, 11, 15, 7, 16
3_13_16 12, 4, 8
7_10_10 8, 16, 4, 12, 5, 13, 1
6_31_14 11, 3, 7, 15, 8, 16
2_31_10 9, 1
5_6_16 10, 2, 6, 14, 7
2_29_02 5, 13
1_22_12 4
2_28_18 8, 16
5_29_10 9, 1, 5, 13, 6
2_19_20 11, 3
2_18_22 8, 16
2_13_20 14, 6
3_11_12 9, 1, 13
5_25_14 10, 2, 6, 14, 11
5_19_18 10, 2, 6, 14, 3
2_28_14 6, 14
6_26_14 10, 2, 6, 14, 7, 15
7_31_08 8, 16, 4, 12, 13, 5, 9
5_24_06 5, 13, 1, 9, 10
7_8_06 5, 13, 1, 9, 10, 2, 6
8_13_10 9, 1, 5, 13, 6, 14, 2, 10
1_3_20 3
8_16_18 13, 5, 9, 1, 10, 2, 6, 14
2_15_00 4,12
8_9_16 11, 3, 7, 15, 12, 4, 8, 16
5_23_18 11, 3, 7, 15, 4
5_1_20 11, 3, 7, 15, 12
7_9_10 8, 16, 4, 12, 9, 1, 5
4_22_14 9, 1, 5, 13
6_7_14 9, 1, 5, 13, 10, 2
4_10_04 5, 13, 1, 9
7_28_04 5, 13, 1, 9, 10, 2, 6
3_26_00 15, 7, 11
1_6_10 3
8_10_22 14, 6, 10, 2, 15, 7, 11, 3
4_12_08 7, 15, 3, 11
7_16_14 11, 3, 7, 15, 12, 4, 8
3_24_04 16, 8, 4
5_7_22 13, 5, 9, 1, 6
6_28_04 5, 13, 1, 9, 2, 10
5_2_14 8, 16, 4, 12, 5
1_21_00 2
3_13_00 4,12, 16
3_8_06 1, 9, 5
8_23_04 4, 12, 16, 8, 5, 13, 1, 9
6_1_04 3, 11, 15, 7, 4, 12
4_1_08 5, 13, 1, 9
7_3_02 2, 10, 14, 6, 11, 3, 7
4_28_10 8, 16, 4, 12
7_22_06 5, 13, 1, 9, 2, 10, 14
2_19_08 5, 13
1_7_14 1
2_16_16 8, 16
2_25_12 9, 1
2_28_12 5, 13
5_28_06 6, 14, 2, 10, 11
1_17_04 3
4_14_18 13, 5, 9, 1
6_19_20 11, 3, 7, 15, 12, 4
8_1_16 9, 1, 5, 13, 10, 2, 6, 14
1_9_02 4
4_14_22 15, 7, 11, 3
4_17_00 1, 9, 13, 5
7_2_16 9, 1, 5, 13, 6, 14, 2
4_20_14 8, 16, 4, 12
4_30_20 14, 6, 10, 2
6_28_16 11, 3, 7, 15, 8, 16
3_31_00 4,12, 8
6_30_04 6, 14, 2, 10, 15, 7
7_18_12 7, 15, 3, 11, 4, 12, 16
8_22_04 4, 12, 16, 8, 5, 13, 1, 9
4_14_12 10, 2, 6, 14
7_3_18 10, 2, 6, 14, 3, 11, 15
5_5_02 3, 11, 15, 7, 4
6_6_14 9, 1, 5, 13, 6, 14
3_11_22 14, 6, 2
2_10_12 5, 13
4_24_02 3, 11, 15, 7
8_19_04 3, 11, 15, 7, 4, 12, 16, 8
7_29_20 14, 6, 10, 2, 11, 3, 7
5_18_18 10, 2, 6, 14, 7
3_1_02 2, 10, 14
2_3_14 8, 16
5_12_04 5, 13, 1, 9, 10
2_1_02 2, 10
6_23_02 3, 11, 15, 7, 4, 12
2_15_14 11, 3
7_30_00 4, 12, 16, 8, 13, 5, 9
6_30_02 5, 13, 1, 9, 14, 6
6_21_02 3, 11, 15, 7, 4, 12
6_28_08 7, 15, 3, 11, 4, 12
2_1_12 7, 15
7_12_10 8, 16, 4, 12, 13, 5, 9
8_31_00 4, 12, 16, 8, 1, 9, 13, 5
6_29_18 13, 5, 9, 1, 10, 2
6_29_12 10, 2, 6, 14, 7, 15
6_5_12 8, 16, 4, 12, 9, 1
8_25_18 12, 4, 8, 16, 13, 5, 9, 1
2_14_20 10, 2
8_3_16 9, 1, 5, 13, 10, 2, 6, 14
5_26_00 3, 11, 15, 7, 16
2_12_08 3, 11
2_7_16 10, 2
4_25_10 8, 16, 4, 12
2_6_02 15, 7
8_28_04 5, 13, 1, 9, 6, 14, 2, 10
7_7_08 6, 14, 2, 10, 15, 7, 11
8_5_10 7, 15, 3, 11, 8, 16, 4, 12
4_19_02 2, 10, 14, 6
1_10_00 15
4_3_04 3, 11, 15, 7
1_11_06 14
2_3_18 10, 2
1_18_00 13
4_17_06 4, 12, 16, 8
7_18_06 4, 12, 16, 8, 1, 9, 13
6_14_22 15, 7, 11, 3, 8, 16
8_29_06 7, 15, 3, 11, 4, 12, 16, 8
6_18_22 12, 4, 8, 16, 9, 1
5_21_10 7, 15, 3, 11, 8
3_16_20 10, 2, 14
5_13_12 10, 2, 6, 14, 7
3_2_16 5, 13, 1
6_24_02 3, 11, 15, 7, 16, 8
4_23_04 4, 12, 16, 8
4_29_08 8, 16, 4, 12
7_18_10 6, 14, 2, 10, 3, 11, 15
4_10_18 12, 4, 8, 16
6_8_08 6, 14, 2, 10, 3, 11
1_4_18 14
3_13_08 8, 16, 4
6_13_22 15, 7, 11, 3, 12, 4
5_21_12 8, 16, 4, 12, 9
6_1_00 1, 9, 13, 5, 2, 10
5_22_18 11, 3, 7, 15, 8
2_31_06 7, 15
6_29_06 7, 15, 3, 11, 4, 12
2_10_22 10, 2
7_17_10 6, 14, 2, 10, 7, 15, 3
5_4_00 1, 9, 13, 5, 6
7_27_22 14, 6, 10, 2, 7, 15, 3
1_26_20 9
1_11_14 2
5_18_20 11, 3, 7, 15, 8
5_3_00 1, 9, 13, 5, 10
1_25_22 14
3_17_04 3, 11, 15
4_28_22 14, 6, 10, 2
5_15_08 8, 16, 4, 12, 13
5_16_08 8, 16, 4, 12, 9
8_5_18 11, 3, 7, 15, 12, 4, 8, 16
1_13_16 12
1_20_08 9
8_4_08 5, 13, 1, 9, 6, 14, 2, 10
6_15_14 11, 3, 7, 15, 8, 16
3_25_12 9, 1, 5
5_15_22 15, 7, 11, 3, 4
7_9_16 11, 3, 7, 15, 12, 4, 8
7_23_14 9, 1, 5, 13, 2, 10, 14
4_30_08 8, 16, 4, 12
2_14_18 9, 1
5_13_04 6, 14, 2, 10, 3
5_1_22 12, 4, 8, 16, 13
6_4_06 4, 12, 16, 8, 1, 9
4_9_10 8, 16, 4, 12
8_12_14 10, 2, 6, 14, 11, 3, 7, 15
6_3_08 5, 13, 1, 9, 6, 14
8_24_10 7, 15, 3, 11, 8, 16, 4, 12
6_5_04 4, 12, 16, 8, 5, 13
7_31_16 12, 4, 8, 16, 1, 9, 13
6_20_10 6, 14, 2, 10, 3, 11
2_19_16 9, 1
7_9_22 14, 6, 10, 2, 15, 7, 11
8_17_12 7, 15, 3, 11, 8, 16, 4, 12
6_5_22 13, 5, 9, 1, 14, 6
4_22_10 7, 15, 3, 11
1_4_02 6
6_8_20 12, 4, 8, 16, 9, 1
1_12_06 10
6_24_10 7, 15, 3, 11, 4, 12
4_20_10 6, 14, 2, 10
2_10_18 8, 16
4_4_22 12, 4, 8, 16
7_8_16 10, 2, 6, 14, 15, 7, 11
6_24_18 11, 3, 7, 15, 8, 16
1_17_10 6
5_25_18 12, 4, 8, 16, 13
7_2_22 12, 4, 8, 16, 9, 1, 5
5_15_14 11, 3, 7, 15, 16
7_28_18 12, 4, 8, 16, 1, 9, 13
3_3_22 12, 4, 16
3_16_18 9, 1, 13
3_4_00 13, 5, 1
7_2_02 2, 10, 14, 6, 15, 7, 11
1_17_06 4
1_13_10 9
8_14_02 5, 13, 1, 9, 2, 10, 14, 6
2_26_16 7, 15
4_16_10 9, 1, 5, 13
8_27_12 9, 1, 5, 13, 10, 2, 6, 14
2_17_00 1, 9
6_9_02 4, 12, 16, 8, 5, 13
2_10_06 2, 10
1_18_08 1
1_17_14 8
3_29_10 9, 1, 5
8_16_06 7, 15, 3, 11, 4, 12, 16, 8
4_16_02 5, 13, 1, 9
4_7_00 2, 10, 14, 6
6_19_16 9, 1, 5, 13, 10, 2
7_16_04 6, 14, 2, 10, 7, 15, 3
8_10_08 7, 15, 3, 11, 8, 16, 4, 12
7_1_06 4, 12, 16, 8, 5, 13, 1
1_17_16 9
3_16_14 7, 15, 11
5_15_02 5, 13, 1, 9, 10
8_31_14 11, 3, 7, 15, 8, 16, 4, 12
4_12_16 11, 3, 7, 15
3_10_02 16, 8, 12
6_15_04 6, 14, 2, 10, 3, 11
1_2_00 13
3_19_06 4, 12, 8
7_28_12 9, 1, 5, 13, 14, 6, 10
4_25_00 3, 11, 15, 7
4_30_00 4,12, 16, 8
4_31_04 6, 14, 2, 10
8_1_00 1, 9, 13, 5, 2, 10, 14, 6
8_5_02 3, 11, 15, 7, 4, 12, 16, 8
7_30_18 13, 5, 9, 1, 6, 14, 2
8_19_12 7, 15, 3, 11, 8, 16, 4, 12
6_29_00 4, 12, 16, 8, 1, 9
8_20_22 12, 4, 8, 16, 13, 5, 9, 1
1_31_20 6
2_10_10 4, 12
3_27_22 14, 6, 2
1_12_16 15
6_10_12 9, 1, 5, 13, 6, 14
6_4_00 1, 9, 13, 5, 14, 6
5_28_14 10, 2, 6, 14, 15
1_31_08 16
3_29_02 5, 13, 1
7_7_06 5, 13, 1, 9, 14, 6, 10
4_19_14 8, 16, 4, 12
1_9_22 14
2_28_22 10, 2
3_23_12 8, 16, 12
8_11_02 4, 12, 16, 8, 5, 13, 1, 9
4_29_16 12, 4, 8, 16
4_10_14 10, 2, 6, 14
6_25_14 10, 2, 6, 14, 11, 3
6_12_00 3, 11, 15, 7, 16, 8
4_22_12 8, 16, 4, 12
6_12_22 14, 6, 10, 2, 11, 3
2_30_20 10, 2
5_3_20 11, 3, 7, 15, 4
3_28_12 5, 13, 9
2_18_08 1, 9
1_8_04 8
8_13_12 10, 2, 6, 14, 7, 15, 3, 11
7_5_08 6, 14, 2, 10, 7, 15, 3
5_12_16 11, 3, 7, 15, 16
6_21_04 4, 12, 16, 8, 5, 13
4_19_00 1, 9, 13, 5
4_15_10 9, 1, 5, 13
8_4_12 7, 15, 3, 11, 8, 16, 4, 12
7_31_02 5, 13, 1, 9, 10, 2, 6
6_15_00 4, 12, 16, 8, 1, 9
4_4_04 3, 11, 15, 7
6_12_08 7, 15, 3, 11, 4, 12
2_30_02 1, 9
4_24_18 11, 3, 7, 15
4_13_06 7, 15, 3, 11
6_26_04 5, 13, 1, 9, 2, 10
4_19_12 7, 15, 3, 11
4_20_20 11, 3, 7, 15
3_14_02 1, 9, 13
3_2_04 15, 7, 11
6_16_18 13, 5, 9, 1, 6, 14
6_17_06 4, 12, 16, 8, 5, 13
7_26_20 13, 5, 9, 1, 10, 2, 6
1_12_22 2
8_28_10 8, 16, 4, 12, 9, 1, 5, 13
3_17_10 6, 14, 2
4_21_10 7, 15, 3, 11
7_26_12 9, 1, 5, 13, 6, 14, 2
7_7_12 8, 16, 4, 12, 1, 9, 13
6_31_00 4, 12, 16, 8, 1, 9
3_8_04 16, 8, 4
6_3_00 1, 9, 13, 5, 2, 10
3_10_18 8, 16, 4
3_6_08 2, 10, 14
7_3_06 4, 12, 16, 8, 13, 5, 9
3_21_06 5, 13, 1
3_6_10 3, 11, 15
2_2_06 16, 8
1_10_22 10
8_14_08 8, 16, 4, 12, 5, 13, 1, 9
2_5_02 3, 11
8_2_02 2, 10, 14, 6, 3, 11, 15, 7
6_7_06 5, 13, 1, 9, 6, 14
1_26_18 8
8_29_02 5, 13, 1, 9, 2, 10, 14, 6
8_15_02 5, 13, 1, 9, 2, 10, 14, 6
6_9_08 7, 15, 3, 11, 8, 16
7_21_12 8, 16, 4, 12, 9, 1, 5
1_28_02 8
7_20_04 3, 11, 15, 7, 8, 16, 4
1_15_08 16
2_12_22 10, 2
3_3_18 10, 2, 14
5_22_06 5, 13, 1, 9, 2
5_2_16 9, 1, 5, 13, 6
5_28_10 8, 16, 4, 12, 13
1_18_20 7
8_10_10 8, 16, 4, 12, 9, 1, 5, 13
3_25_18 12, 4, 8
6_18_06 4, 12, 16, 8, 1, 9
2_19_18 10, 2
8_16_22 15, 7, 11, 3, 12, 4, 8, 16
1_8_02 7
7_4_14 8, 16, 4, 12, 13, 5, 9
5_30_18 13, 5, 9, 1, 6
3_22_18 7, 15, 3
5_14_00 4, 12, 16, 8, 13
5_22_02 3, 11, 15, 7, 16
1_14_08 4
7_23_00 2, 10, 14, 6, 11, 3, 7
6_15_22 15, 7, 11, 3, 12, 4
7_22_16 10, 2, 6, 14, 7, 15, 3
4_28_04 5, 13, 1, 9
1_29_06 7
3_21_20 12, 4, 8
4_23_10 7, 15, 3, 11
2_17_04 3, 11
8_8_18 11, 3, 7, 15, 12, 4, 8, 16
8_1_20 11, 3, 7, 15, 12, 4, 8, 16
7_2_06 4, 12, 16, 8, 1, 9, 13
5_14_12 10, 2, 6, 14, 3
4_19_18 10, 2, 6, 14
2_6_04 16, 8
3_6_12 4, 12, 16
4_17_14 8, 16, 4, 12
8_7_10 7, 15, 3, 11, 8, 16, 4, 12
3_29_16 12, 4, 8
7_6_22 13, 5, 9, 1, 10, 2, 6
6_22_12 8, 16, 4, 12, 5, 13
2_1_14 8, 16
2_18_06 16, 8
5_7_06 5, 13, 1, 9, 14
4_4_16 9, 1, 5, 13
8_17_20 11, 3, 7, 15, 12, 4, 8, 16
8_18_08 5, 13, 1, 9, 6, 14, 2, 10
8_27_02 4, 12, 16, 8, 5, 13, 1, 9
6_22_00 2, 10, 14, 6, 15, 7
1_4_14 12
8_14_14 11, 3, 7, 15, 8, 16, 4, 12
1_1_20 11
2_25_14 10, 2
2_10_16 7, 15
1_29_04 6
3_21_02 3, 11, 15
4_16_16 12, 4, 8, 16
5_9_08 7, 15, 3, 11, 8
5_19_00 1, 9, 13, 5, 10
7_12_00 3, 11, 15, 7, 8, 16, 4
3_10_14 6, 14, 2
7_5_18 11, 3, 7, 15, 12, 4, 8
2_13_18 13, 5
7_19_14 8, 16, 4, 12, 1, 9, 13
5_6_20 12, 4, 8, 16, 9
7_11_00 3, 11, 15, 7, 12, 4, 8
7_27_12 9, 1, 5, 13, 2, 10, 14
1_11_18 4
1_16_16 16
7_3_22 12, 4, 8, 16, 5, 13, 1
6_6_10 7, 15, 3, 11, 4, 12
8_1_22 12, 4, 8, 16, 13, 5, 9, 1
2_7_04 4, 12
6_6_22 13, 5, 9, 1, 10, 2
2_3_12 7, 15
4_18_10 6, 14, 2, 10
2_27_20 13, 5
4_3_06 4, 12, 16, 8
7_5_12 8, 16, 4, 12, 9, 1, 5
3_20_06 16, 8, 4
1_28_04 9
2_22_08 2, 10
5_1_08 5, 13, 1, 9, 6
4_20_08 5, 13, 1, 9
7_9_18 12, 4, 8, 16, 13, 5, 9
2_21_08 6, 14
2_30_10 5, 13
6_22_18 11, 3, 7, 15, 8, 16
6_16_04 6, 14, 2, 10, 15, 7
5_17_08 5, 13, 1, 9, 6
8_22_00 2, 10, 14, 6, 3, 11, 15, 7
2_5_16 10, 2
8_3_00 1, 9, 13, 5, 2, 10, 14, 6
6_25_08 7, 15, 3, 11, 8, 16
5_14_10 9, 1, 5, 13, 2
1_1_04 3
4_26_00 3, 11, 15, 7
8_17_14 8, 16, 4, 12, 9, 1, 5, 13
3_30_12 6, 14, 2
2_9_04 5, 13
7_5_16 10, 2, 6, 14, 11, 3, 7
5_20_12 7, 15, 3, 11, 12
3_24_16 6, 14, 10
3_10_08 3, 11, 15
6_23_14 9, 1, 5, 13, 10, 2
4_21_12 8, 16, 4, 12
1_14_04 2
8_18_02 2, 10, 14, 6, 3, 11, 15, 7
4_22_06 5, 13, 1, 9
5_4_04 3, 11, 15, 7, 8
3_20_12 3, 11, 7
3_27_12 9, 1, 13
8_21_10 7, 15, 3, 11, 8, 16, 4, 12
3_19_04 3, 11, 7
7_9_00 3, 11, 15, 7, 4, 12, 16
8_22_16 10, 2, 6, 14, 11, 3, 7, 15
6_6_18 11, 3, 7, 15, 8, 16
7_28_08 7, 15, 3, 11, 12, 4, 8
4_11_10 8, 16, 4, 12
2_1_08 5, 13
4_24_14 9, 1, 5, 13
3_11_02 4, 12, 8
3_17_18 10, 2, 6
5_29_18 13, 5, 9, 1, 10
6_10_18 12, 4, 8, 16, 9, 1
6_18_20 11, 3, 7, 15, 8, 16
1_15_10 1
5_10_18 12, 4, 8, 16, 9
1_13_14 11
4_26_14 10, 2, 6, 14
2_24_08 2, 10
8_14_16 12, 4, 8, 16, 9, 1, 5, 13
5_15_10 9, 1, 5, 13, 14
7_2_20 11, 3, 7, 15, 8, 16, 4
4_3_08 5, 13, 1, 9
7_22_18 11, 3, 7, 15, 8, 16, 4
6_22_06 5, 13, 1, 9, 2, 10
5_16_22 15, 7, 11, 3, 16
6_30_22 15, 7, 11, 3, 8, 16
6_28_14 10, 2, 6, 14, 7, 15
7_6_12 8, 16, 4, 12, 5, 13, 1
6_7_08 6, 14, 2, 10, 7, 15
2_20_02 14, 6
4_17_08 5, 13, 1, 9
6_2_16 9, 1, 5, 13, 6, 14
1_14_02 1
1_3_08 13
4_18_22 12, 4, 8, 16
1_23_20 4
2_25_08 7, 15
8_12_02 4, 12, 16, 8, 5, 13, 1, 9
6_16_06 7, 15, 3, 11, 16, 8
5_30_20 14, 6, 10, 2, 7
4_13_12 10, 2, 6, 14
6_14_18 13, 5, 9, 1, 6, 14
7_13_06 7, 15, 3, 11, 4, 12, 16
2_19_02 2, 10
2_4_22 8, 16
3_27_14 10, 2, 14
6_20_18 10, 2, 6, 14, 7, 15
7_21_20 12, 4, 8, 16, 13, 5, 9
8_21_18 11, 3, 7, 15, 12, 4, 8, 16
5_10_04 5, 13, 1, 9, 2
8_13_06 7, 15, 3, 11, 4, 12, 16, 8
4_21_18 11, 3, 7, 15
1_19_10 14
4_15_08 8, 16, 12
7_15_12 10, 2, 6, 14, 15, 7, 11
1_8_16 14
7_16_08 8, 16, 4, 12, 9, 1, 5
2_2_02 14, 6
1_8_08 10
5_9_02 4, 12, 16, 8, 5
1_13_20 14
7_17_00 1, 9, 13, 5, 2, 10, 14
8_8_08 6, 14, 2, 10, 7, 15, 3, 11
5_17_04 3, 11, 15, 7, 4
6_20_02 2, 10, 14, 6, 15, 7
2_4_00 13, 5
3_12_12 5, 13, 9
5_15_04 6, 14, 2, 10, 11
6_5_16 10, 2, 6, 14, 11, 3
6_18_08 5, 13, 1, 9, 2, 10
1_28_08 11
3_2_02 14, 6, 10
2_8_00 14, 6
6_10_06 6, 14, 2, 10, 3, 11
7_29_10 9, 1, 5, 13, 6, 14, 2
4_20_18 10, 2, 6, 14
3_12_00 15, 7, 3
7_31_18 13, 5, 9, 1, 2, 10, 14
2_13_12 10, 2
5_26_08 7, 15, 3, 11, 4
2_16_20 10, 2
4_1_14 8, 16, 4, 12
5_16_12 10, 2, 6, 14, 11
7_26_10 8, 16, 4, 12, 5, 13, 1
2_22_10 3, 11
1_15_00 12
